1|3|9
2|5|25
3|7|49
4|9|81
5|11|121
6|13|169
7|15|225
8|17|289
9|19|361
10|21|441
11|23|529
12|25|625
13|27|729
14|29|841
15|31|961
16|33|1089
17|35|1225
18|37|1369
19|39|1521
20|41|1681
21|43|1849
22|45|2025
23|47|2209
24|49|2401
25|51|2601
26|53|2809
27|55|3025
28|57|3249
29|59|3481
30|61|3721
31|63|3969
32|65|4225
33|67|4489
34|69|4761
35|71|5041
36|73|5329
37|75|5625
38|77|5929
39|79|6241
40|81|6561
41|83|6889
42|85|7225
43|87|7569
44|89|7921
45|91|8281
46|93|8649
47|95|9025
48|97|9409
49|99|9801
50|101|10201
51|103|10609
52|105|11025
53|107|11449
54|109|11881
55|111|12321
56|113|12769
57|115|13225
58|117|13689
59|119|14161
60|121|14641
61|123|15129
62|125|15625
63|127|16129
64|129|16641
65|131|17161
66|133|17689
67|135|18225
68|137|18769
69|139|19321
70|141|19881
71|143|20449
72|145|21025
73|147|21609
74|149|22201
75|151|22801
76|153|23409
77|155|24025
78|157|24649
79|159|25281
80|161|25921
81|163|26569
82|165|27225
83|167|27889
84|169|28561
85|171|29241
86|173|29929
87|175|30625
88|177|31329
89|179|32041
90|181|32761
91|183|33489
92|185|34225
93|187|34969
94|189|35721
95|191|36481
96|193|37249
97|195|38025
98|197|38809
99|199|39601
100|201|40401
101|203|41209
102|205|42025
103|207|42849
104|209|43681
105|211|44521
106|213|45369
107|215|46225
108|217|47089
109|219|47961
110|221|48841
111|223|49729
112|225|50625
113|227|51529
114|229|52441
115|231|53361
116|233|54289
117|235|55225
118|237|56169
119|239|57121
120|241|58081
121|243|59049
122|245|60025
123|247|61009
124|249|62001
125|251|63001
126|253|64009
127|255|65025
128|257|66049
129|259|67081
130|261|68121
131|263|69169
132|265|70225
133|267|71289
134|269|72361
135|271|73441
136|273|74529
137|275|75625
138|277|76729
139|279|77841
140|281|78961
141|283|80089
142|285|81225
143|287|82369
144|289|83521
145|291|84681
146|293|85849
147|295|87025
148|297|88209
149|299|89401
150|301|90601
151|303|91809
152|305|93025
153|307|94249
154|309|95481
155|311|96721
156|313|97969
157|315|99225
158|317|100489
159|319|101761
160|321|103041
161|323|104329
162|325|105625
163|327|106929
164|329|108241
165|331|109561
166|333|110889
167|335|112225
168|337|113569
169|339|114921
170|341|116281
171|343|117649
172|345|119025
173|347|120409
174|349|121801
175|351|123201
176|353|124609
177|355|126025
178|357|127449
179|359|128881
180|361|130321
181|363|131769
182|365|133225
183|367|134689
184|369|136161
185|371|137641
186|373|139129
187|375|140625
188|377|142129
189|379|143641
190|381|145161
191|383|146689
192|385|148225
193|387|149769
194|389|151321
195|391|152881
196|393|154449
197|395|156025
198|397|157609
199|399|159201
200|401|160801
201|403|162409
202|405|164025
203|407|165649
204|409|167281
205|411|168921
206|413|170569
207|415|172225
208|417|173889
209|419|175561
210|421|177241
211|423|178929
212|425|180625
213|427|182329
214|429|184041
215|431|185761
216|433|187489
217|435|189225
218|437|190969
219|439|192721
220|441|194481
221|443|196249
222|445|198025
223|447|199809
224|449|201601
225|451|203401
226|453|205209
227|455|207025
228|457|208849
229|459|210681
230|461|212521
231|463|214369
232|465|216225
233|467|218089
234|469|219961
235|471|221841
236|473|223729
237|475|225625
238|477|227529
239|479|229441
240|481|231361
241|483|233289
242|485|235225
243|487|237169
244|489|239121
245|491|241081
246|493|243049
247|495|245025
248|497|247009
249|499|249001
250|501|251001
251|503|253009
252|505|255025
253|507|257049
254|509|259081
255|511|261121
256|513|263169
257|515|265225
258|517|267289
259|519|269361
260|521|271441
261|523|273529
262|525|275625
263|527|277729
264|529|279841
265|531|281961
266|533|284089
267|535|286225
268|537|288369
269|539|290521
270|541|292681
271|543|294849
272|545|297025
273|547|299209
274|549|301401
275|551|303601
276|553|305809
277|555|308025
278|557|310249
279|559|312481
280|561|314721
281|563|316969
282|565|319225
283|567|321489
284|569|323761
285|571|326041
286|573|328329
287|575|330625
288|577|332929
289|579|335241
290|581|337561
291|583|339889
292|585|342225
293|587|344569
294|589|346921
295|591|349281
296|593|351649
297|595|354025
298|597|356409
299|599|358801
300|601|361201
301|603|363609
302|605|366025
303|607|368449
304|609|370881
305|611|373321
306|613|375769
307|615|378225
308|617|380689
309|619|383161
310|621|385641
311|623|388129
312|625|390625
313|627|393129
314|629|395641
315|631|398161
316|633|400689
317|635|403225
318|637|405769
319|639|408321
320|641|410881
321|643|413449
322|645|416025
323|647|418609
324|649|421201
325|651|423801
326|653|426409
327|655|429025
328|657|431649
329|659|434281
330|661|436921
331|663|439569
332|665|442225
333|667|444889
334|669|447561
335|671|450241
336|673|452929
337|675|455625
338|677|458329
339|679|461041
340|681|463761
341|683|466489
342|685|469225
343|687|471969
344|689|474721
345|691|477481
346|693|480249
347|695|483025
348|697|485809
349|699|488601
350|701|491401
351|703|494209
352|705|497025
353|707|499849
354|709|502681
355|711|505521
356|713|508369
357|715|511225
358|717|514089
359|719|516961
360|721|519841
361|723|522729
362|725|525625
363|727|528529
364|729|531441
365|731|534361
366|733|537289
367|735|540225
368|737|543169
369|739|546121
370|741|549081
371|743|552049
372|745|555025
373|747|558009
374|749|561001
375|751|564001
376|753|567009
377|755|570025
378|757|573049
379|759|576081
380|761|579121
381|763|582169
382|765|585225
383|767|588289
384|769|591361
385|771|594441
386|773|597529
387|775|600625
388|777|603729
389|779|606841
390|781|609961
391|783|613089
392|785|616225
393|787|619369
394|789|622521
395|791|625681
396|793|628849
397|795|632025
398|797|635209
399|799|638401
400|801|641601
401|803|644809
402|805|648025
403|807|651249
404|809|654481
405|811|657721
406|813|660969
407|815|664225
408|817|667489
409|819|670761
410|821|674041
411|823|677329
412|825|680625
413|827|683929
414|829|687241
415|831|690561
416|833|693889
417|835|697225
418|837|700569
419|839|703921
420|841|707281
421|843|710649
422|845|714025
423|847|717409
424|849|720801
425|851|724201
426|853|727609
427|855|731025
428|857|734449
429|859|737881
430|861|741321
431|863|744769
432|865|748225
433|867|751689
434|869|755161
435|871|758641
436|873|762129
437|875|765625
438|877|769129
439|879|772641
440|881|776161
441|883|779689
442|885|783225
443|887|786769
444|889|790321
445|891|793881
446|893|797449
447|895|801025
448|897|804609
449|899|808201
450|901|811801
451|903|815409
452|905|819025
453|907|822649
454|909|826281
455|911|829921
456|913|833569
457|915|837225
458|917|840889
459|919|844561
460|921|848241
461|923|851929
462|925|855625
463|927|859329
464|929|863041
465|931|866761
466|933|870489
467|935|874225
468|937|877969
469|939|881721
470|941|885481
471|943|889249
472|945|893025
473|947|896809
474|949|900601
475|951|904401
476|953|908209
477|955|912025
478|957|915849
479|959|919681
480|961|923521
481|963|927369
482|965|931225
483|967|935089
484|969|938961
485|971|942841
486|973|946729
487|975|950625
488|977|954529
489|979|958441
490|981|962361
491|983|966289
492|985|970225
493|987|974169
494|989|978121
495|991|982081
496|993|986049
497|995|990025
498|997|994009
499|999|998001
500|1001|1002001
501|1003|1006009
502|1005|1010025
503|1007|1014049
504|1009|1018081
505|1011|1022121
506|1013|1026169
507|1015|1030225
508|1017|1034289
509|1019|1038361
510|1021|1042441
511|1023|1046529
512|1025|1050625
513|1027|1054729
514|1029|1058841
515|1031|1062961
516|1033|1067089
517|1035|1071225
518|1037|1075369
519|1039|1079521
520|1041|1083681
521|1043|1087849
522|1045|1092025
523|1047|1096209
524|1049|1100401
525|1051|1104601
526|1053|1108809
527|1055|1113025
528|1057|1117249
529|1059|1121481
530|1061|1125721
531|1063|1129969
532|1065|1134225
533|1067|1138489
534|1069|1142761
535|1071|1147041
536|1073|1151329
537|1075|1155625
538|1077|1159929
539|1079|1164241
540|1081|1168561
541|1083|1172889
542|1085|1177225
543|1087|1181569
544|1089|1185921
545|1091|1190281
546|1093|1194649
547|1095|1199025
548|1097|1203409
549|1099|1207801
550|1101|1212201
551|1103|1216609
552|1105|1221025
553|1107|1225449
554|1109|1229881
555|1111|1234321
556|1113|1238769
557|1115|1243225
558|1117|1247689
559|1119|1252161
560|1121|1256641
561|1123|1261129
562|1125|1265625
563|1127|1270129
564|1129|1274641
565|1131|1279161
566|1133|1283689
567|1135|1288225
568|1137|1292769
569|1139|1297321
570|1141|1301881
571|1143|1306449
572|1145|1311025
573|1147|1315609
574|1149|1320201
575|1151|1324801
576|1153|1329409
577|1155|1334025
578|1157|1338649
579|1159|1343281
580|1161|1347921
581|1163|1352569
582|1165|1357225
583|1167|1361889
584|1169|1366561
585|1171|1371241
586|1173|1375929
587|1175|1380625
588|1177|1385329
589|1179|1390041
590|1181|1394761
591|1183|1399489
592|1185|1404225
593|1187|1408969
594|1189|1413721
595|1191|1418481
596|1193|1423249
597|1195|1428025
598|1197|1432809
599|1199|1437601
600|1201|1442401
601|1203|1447209
602|1205|1452025
603|1207|1456849
604|1209|1461681
605|1211|1466521
606|1213|1471369
607|1215|1476225
608|1217|1481089
609|1219|1485961
610|1221|1490841
611|1223|1495729
612|1225|1500625
613|1227|1505529
614|1229|1510441
615|1231|1515361
616|1233|1520289
617|1235|1525225
618|1237|1530169
619|1239|1535121
620|1241|1540081
621|1243|1545049
622|1245|1550025
623|1247|1555009
624|1249|1560001
625|1251|1565001
626|1253|1570009
627|1255|1575025
628|1257|1580049
629|1259|1585081
630|1261|1590121
631|1263|1595169
632|1265|1600225
633|1267|1605289
634|1269|1610361
635|1271|1615441
636|1273|1620529
637|1275|1625625
638|1277|1630729
639|1279|1635841
640|1281|1640961
641|1283|1646089
642|1285|1651225
643|1287|1656369
644|1289|1661521
645|1291|1666681
646|1293|1671849
647|1295|1677025
648|1297|1682209
649|1299|1687401
650|1301|1692601
651|1303|1697809
652|1305|1703025
653|1307|1708249
654|1309|1713481
655|1311|1718721
656|1313|1723969
657|1315|1729225
658|1317|1734489
659|1319|1739761
660|1321|1745041
661|1323|1750329
662|1325|1755625
663|1327|1760929
664|1329|1766241
665|1331|1771561
666|1333|1776889
667|1335|1782225
668|1337|1787569
669|1339|1792921
670|1341|1798281
671|1343|1803649
672|1345|1809025
673|1347|1814409
674|1349|1819801
675|1351|1825201
676|1353|1830609
677|1355|1836025
678|1357|1841449
679|1359|1846881
680|1361|1852321
681|1363|1857769
682|1365|1863225
683|1367|1868689
684|1369|1874161
685|1371|1879641
686|1373|1885129
687|1375|1890625
688|1377|1896129
689|1379|1901641
690|1381|1907161
691|1383|1912689
692|1385|1918225
693|1387|1923769
694|1389|1929321
695|1391|1934881
696|1393|1940449
697|1395|1946025
698|1397|1951609
699|1399|1957201
700|1401|1962801
701|1403|1968409
702|1405|1974025
703|1407|1979649
704|1409|1985281
705|1411|1990921
706|1413|1996569
707|1415|2002225
708|1417|2007889
709|1419|2013561
710|1421|2019241
711|1423|2024929
712|1425|2030625
713|1427|2036329
714|1429|2042041
715|1431|2047761
716|1433|2053489
717|1435|2059225
718|1437|2064969
719|1439|2070721
720|1441|2076481
721|1443|2082249
722|1445|2088025
723|1447|2093809
724|1449|2099601
725|1451|2105401
726|1453|2111209
727|1455|2117025
728|1457|2122849
729|1459|2128681
730|1461|2134521
731|1463|2140369
732|1465|2146225
733|1467|2152089
734|1469|2157961
735|1471|2163841
736|1473|2169729
737|1475|2175625
738|1477|2181529
739|1479|2187441
740|1481|2193361
741|1483|2199289
742|1485|2205225
743|1487|2211169
744|1489|2217121
745|1491|2223081
746|1493|2229049
747|1495|2235025
748|1497|2241009
749|1499|2247001
750|1501|2253001
751|1503|2259009
752|1505|2265025
753|1507|2271049
754|1509|2277081
755|1511|2283121
756|1513|2289169
757|1515|2295225
758|1517|2301289
759|1519|2307361
760|1521|2313441
761|1523|2319529
762|1525|2325625
763|1527|2331729
764|1529|2337841
765|1531|2343961
766|1533|2350089
767|1535|2356225
768|1537|2362369
769|1539|2368521
770|1541|2374681
771|1543|2380849
772|1545|2387025
773|1547|2393209
774|1549|2399401
775|1551|2405601
776|1553|2411809
777|1555|2418025
778|1557|2424249
779|1559|2430481
780|1561|2436721
781|1563|2442969
782|1565|2449225
783|1567|2455489
784|1569|2461761
785|1571|2468041
786|1573|2474329
787|1575|2480625
788|1577|2486929
789|1579|2493241
790|1581|2499561
791|1583|2505889
792|1585|2512225
793|1587|2518569
794|1589|2524921
795|1591|2531281
796|1593|2537649
797|1595|2544025
798|1597|2550409
799|1599|2556801
800|1601|2563201
801|1603|2569609
802|1605|2576025
803|1607|2582449
804|1609|2588881
805|1611|2595321
806|1613|2601769
807|1615|2608225
808|1617|2614689
809|1619|2621161
810|1621|2627641
811|1623|2634129
812|1625|2640625
813|1627|2647129
814|1629|2653641
815|1631|2660161
816|1633|2666689
817|1635|2673225
818|1637|2679769
819|1639|2686321
820|1641|2692881
821|1643|2699449
822|1645|2706025
823|1647|2712609
824|1649|2719201
825|1651|2725801
826|1653|2732409
827|1655|2739025
828|1657|2745649
829|1659|2752281
830|1661|2758921
831|1663|2765569
832|1665|2772225
833|1667|2778889
834|1669|2785561
835|1671|2792241
836|1673|2798929
837|1675|2805625
838|1677|2812329
839|1679|2819041
840|1681|2825761
841|1683|2832489
842|1685|2839225
843|1687|2845969
844|1689|2852721
845|1691|2859481
846|1693|2866249
847|1695|2873025
848|1697|2879809
849|1699|2886601
850|1701|2893401
851|1703|2900209
852|1705|2907025
853|1707|2913849
854|1709|2920681
855|1711|2927521
856|1713|2934369
857|1715|2941225
858|1717|2948089
859|1719|2954961
860|1721|2961841
861|1723|2968729
862|1725|2975625
863|1727|2982529
864|1729|2989441
865|1731|2996361
866|1733|3003289
867|1735|3010225
868|1737|3017169
869|1739|3024121
870|1741|3031081
871|1743|3038049
872|1745|3045025
873|1747|3052009
874|1749|3059001
875|1751|3066001
876|1753|3073009
877|1755|3080025
878|1757|3087049
879|1759|3094081
880|1761|3101121
881|1763|3108169
882|1765|3115225
883|1767|3122289
884|1769|3129361
885|1771|3136441
886|1773|3143529
887|1775|3150625
888|1777|3157729
889|1779|3164841
890|1781|3171961
891|1783|3179089
892|1785|3186225
893|1787|3193369
894|1789|3200521
895|1791|3207681
896|1793|3214849
897|1795|3222025
898|1797|3229209
899|1799|3236401
900|1801|3243601
901|1803|3250809
902|1805|3258025
903|1807|3265249
904|1809|3272481
905|1811|3279721
906|1813|3286969
907|1815|3294225
908|1817|3301489
909|1819|3308761
910|1821|3316041
911|1823|3323329
912|1825|3330625
913|1827|3337929
914|1829|3345241
915|1831|3352561
916|1833|3359889
917|1835|3367225
918|1837|3374569
919|1839|3381921
920|1841|3389281
921|1843|3396649
922|1845|3404025
923|1847|3411409
924|1849|3418801
925|1851|3426201
926|1853|3433609
927|1855|3441025
928|1857|3448449
929|1859|3455881
930|1861|3463321
931|1863|3470769
932|1865|3478225
933|1867|3485689
934|1869|3493161
935|1871|3500641
936|1873|3508129
937|1875|3515625
938|1877|3523129
939|1879|3530641
940|1881|3538161
941|1883|3545689
942|1885|3553225
943|1887|3560769
944|1889|3568321
945|1891|3575881
946|1893|3583449
947|1895|3591025
948|1897|3598609
949|1899|3606201
950|1901|3613801
951|1903|3621409
952|1905|3629025
953|1907|3636649
954|1909|3644281
955|1911|3651921
956|1913|3659569
957|1915|3667225
958|1917|3674889
959|1919|3682561
960|1921|3690241
961|1923|3697929
962|1925|3705625
963|1927|3713329
964|1929|3721041
965|1931|3728761
966|1933|3736489
967|1935|3744225
968|1937|3751969
969|1939|3759721
970|1941|3767481
971|1943|3775249
972|1945|3783025
973|1947|3790809
974|1949|3798601
975|1951|3806401
976|1953|3814209
977|1955|3822025
978|1957|3829849
979|1959|3837681
980|1961|3845521
981|1963|3853369
982|1965|3861225
983|1967|3869089
984|1969|3876961
985|1971|3884841
986|1973|3892729
987|1975|3900625
988|1977|3908529
989|1979|3916441
990|1981|3924361
991|1983|3932289
992|1985|3940225
993|1987|3948169
994|1989|3956121
995|1991|3964081
996|1993|3972049
997|1995|3980025
998|1997|3988009
999|1999|3996001
1000|2001|4004001
1001|2003|4012009
1002|2005|4020025
1003|2007|4028049
1004|2009|4036081
1005|2011|4044121
1006|2013|4052169
1007|2015|4060225
1008|2017|4068289
1009|2019|4076361
1010|2021|4084441
1011|2023|4092529
1012|2025|4100625
1013|2027|4108729
1014|2029|4116841
1015|2031|4124961
1016|2033|4133089
1017|2035|4141225
1018|2037|4149369
1019|2039|4157521
1020|2041|4165681
1021|2043|4173849
1022|2045|4182025
1023|2047|4190209
1024|2049|4198401
1025|2051|4206601
1026|2053|4214809
1027|2055|4223025
1028|2057|4231249
1029|2059|4239481
1030|2061|4247721
1031|2063|4255969
1032|2065|4264225
1033|2067|4272489
1034|2069|4280761
1035|2071|4289041
1036|2073|4297329
1037|2075|4305625
1038|2077|4313929
1039|2079|4322241
1040|2081|4330561
1041|2083|4338889
1042|2085|4347225
1043|2087|4355569
1044|2089|4363921
1045|2091|4372281
1046|2093|4380649
1047|2095|4389025
1048|2097|4397409
1049|2099|4405801
1050|2101|4414201
1051|2103|4422609
1052|2105|4431025
1053|2107|4439449
1054|2109|4447881
1055|2111|4456321
1056|2113|4464769
1057|2115|4473225
1058|2117|4481689
1059|2119|4490161
1060|2121|4498641
1061|2123|4507129
1062|2125|4515625
1063|2127|4524129
1064|2129|4532641
1065|2131|4541161
1066|2133|4549689
1067|2135|4558225
1068|2137|4566769
1069|2139|4575321
1070|2141|4583881
1071|2143|4592449
1072|2145|4601025
1073|2147|4609609
1074|2149|4618201
1075|2151|4626801
1076|2153|4635409
1077|2155|4644025
1078|2157|4652649
1079|2159|4661281
1080|2161|4669921
1081|2163|4678569
1082|2165|4687225
1083|2167|4695889
1084|2169|4704561
1085|2171|4713241
1086|2173|4721929
1087|2175|4730625
1088|2177|4739329
1089|2179|4748041
1090|2181|4756761
1091|2183|4765489
1092|2185|4774225
1093|2187|4782969
1094|2189|4791721
1095|2191|4800481
1096|2193|4809249
1097|2195|4818025
1098|2197|4826809
1099|2199|4835601
1100|2201|4844401
1101|2203|4853209
1102|2205|4862025
1103|2207|4870849
1104|2209|4879681
1105|2211|4888521
1106|2213|4897369
1107|2215|4906225
1108|2217|4915089
1109|2219|4923961
1110|2221|4932841
1111|2223|4941729
1112|2225|4950625
1113|2227|4959529
1114|2229|4968441
1115|2231|4977361
1116|2233|4986289
1117|2235|4995225
1118|2237|5004169
1119|2239|5013121
1120|2241|5022081
1121|2243|5031049
1122|2245|5040025
1123|2247|5049009
1124|2249|5058001
1125|2251|5067001
1126|2253|5076009
1127|2255|5085025
1128|2257|5094049
1129|2259|5103081
1130|2261|5112121
1131|2263|5121169
1132|2265|5130225
1133|2267|5139289
1134|2269|5148361
1135|2271|5157441
1136|2273|5166529
1137|2275|5175625
1138|2277|5184729
1139|2279|5193841
1140|2281|5202961
1141|2283|5212089
1142|2285|5221225
1143|2287|5230369
1144|2289|5239521
1145|2291|5248681
1146|2293|5257849
1147|2295|5267025
1148|2297|5276209
1149|2299|5285401
1150|2301|5294601
1151|2303|5303809
1152|2305|5313025
1153|2307|5322249
1154|2309|5331481
1155|2311|5340721
1156|2313|5349969
1157|2315|5359225
1158|2317|5368489
1159|2319|5377761
1160|2321|5387041
1161|2323|5396329
1162|2325|5405625
1163|2327|5414929
1164|2329|5424241
1165|2331|5433561
1166|2333|5442889
1167|2335|5452225
1168|2337|5461569
1169|2339|5470921
1170|2341|5480281
1171|2343|5489649
1172|2345|5499025
1173|2347|5508409
1174|2349|5517801
1175|2351|5527201
1176|2353|5536609
1177|2355|5546025
1178|2357|5555449
1179|2359|5564881
1180|2361|5574321
1181|2363|5583769
1182|2365|5593225
1183|2367|5602689
1184|2369|5612161
1185|2371|5621641
1186|2373|5631129
1187|2375|5640625
1188|2377|5650129
1189|2379|5659641
1190|2381|5669161
1191|2383|5678689
1192|2385|5688225
1193|2387|5697769
1194|2389|5707321
1195|2391|5716881
1196|2393|5726449
1197|2395|5736025
1198|2397|5745609
1199|2399|5755201
1200|2401|5764801
1201|2403|5774409
1202|2405|5784025
1203|2407|5793649
1204|2409|5803281
1205|2411|5812921
1206|2413|5822569
1207|2415|5832225
1208|2417|5841889
1209|2419|5851561
1210|2421|5861241
1211|2423|5870929
1212|2425|5880625
1213|2427|5890329
1214|2429|5900041
1215|2431|5909761
1216|2433|5919489
1217|2435|5929225
1218|2437|5938969
1219|2439|5948721
1220|2441|5958481
1221|2443|5968249
1222|2445|5978025
1223|2447|5987809
1224|2449|5997601
1225|2451|6007401
1226|2453|6017209
1227|2455|6027025
1228|2457|6036849
1229|2459|6046681
1230|2461|6056521
1231|2463|6066369
1232|2465|6076225
1233|2467|6086089
1234|2469|6095961
1235|2471|6105841
1236|2473|6115729
1237|2475|6125625
1238|2477|6135529
1239|2479|6145441
1240|2481|6155361
1241|2483|6165289
1242|2485|6175225
1243|2487|6185169
1244|2489|6195121
1245|2491|6205081
1246|2493|6215049
1247|2495|6225025
1248|2497|6235009
1249|2499|6245001
1250|2501|6255001
1251|2503|6265009
1252|2505|6275025
1253|2507|6285049
1254|2509|6295081
1255|2511|6305121
1256|2513|6315169
1257|2515|6325225
1258|2517|6335289
1259|2519|6345361
1260|2521|6355441
1261|2523|6365529
1262|2525|6375625
1263|2527|6385729
1264|2529|6395841
1265|2531|6405961
1266|2533|6416089
1267|2535|6426225
1268|2537|6436369
1269|2539|6446521
1270|2541|6456681
1271|2543|6466849
1272|2545|6477025
1273|2547|6487209
1274|2549|6497401
1275|2551|6507601
1276|2553|6517809
1277|2555|6528025
1278|2557|6538249
1279|2559|6548481
1280|2561|6558721
1281|2563|6568969
1282|2565|6579225
1283|2567|6589489
1284|2569|6599761
1285|2571|6610041
1286|2573|6620329
1287|2575|6630625
1288|2577|6640929
1289|2579|6651241
1290|2581|6661561
1291|2583|6671889
1292|2585|6682225
1293|2587|6692569
1294|2589|6702921
1295|2591|6713281
1296|2593|6723649
1297|2595|6734025
1298|2597|6744409
1299|2599|6754801
1300|2601|6765201
1301|2603|6775609
1302|2605|6786025
1303|2607|6796449
1304|2609|6806881
1305|2611|6817321
1306|2613|6827769
1307|2615|6838225
1308|2617|6848689
1309|2619|6859161
1310|2621|6869641
1311|2623|6880129
1312|2625|6890625
1313|2627|6901129
1314|2629|6911641
1315|2631|6922161
1316|2633|6932689
1317|2635|6943225
1318|2637|6953769
1319|2639|6964321
1320|2641|6974881
1321|2643|6985449
1322|2645|6996025
1323|2647|7006609
1324|2649|7017201
1325|2651|7027801
1326|2653|7038409
1327|2655|7049025
1328|2657|7059649
1329|2659|7070281
1330|2661|7080921
1331|2663|7091569
1332|2665|7102225
1333|2667|7112889
1334|2669|7123561
1335|2671|7134241
1336|2673|7144929
1337|2675|7155625
1338|2677|7166329
1339|2679|7177041
1340|2681|7187761
1341|2683|7198489
1342|2685|7209225
1343|2687|7219969
1344|2689|7230721
1345|2691|7241481
1346|2693|7252249
1347|2695|7263025
1348|2697|7273809
1349|2699|7284601
1350|2701|7295401
1351|2703|7306209
1352|2705|7317025
1353|2707|7327849
1354|2709|7338681
1355|2711|7349521
1356|2713|7360369
1357|2715|7371225
1358|2717|7382089
1359|2719|7392961
1360|2721|7403841
1361|2723|7414729
1362|2725|7425625
1363|2727|7436529
1364|2729|7447441
1365|2731|7458361
1366|2733|7469289
1367|2735|7480225
1368|2737|7491169
1369|2739|7502121
1370|2741|7513081
1371|2743|7524049
1372|2745|7535025
1373|2747|7546009
1374|2749|7557001
1375|2751|7568001
1376|2753|7579009
1377|2755|7590025
1378|2757|7601049
1379|2759|7612081
1380|2761|7623121
1381|2763|7634169
1382|2765|7645225
1383|2767|7656289
1384|2769|7667361
1385|2771|7678441
1386|2773|7689529
1387|2775|7700625
1388|2777|7711729
1389|2779|7722841
1390|2781|7733961
1391|2783|7745089
1392|2785|7756225
1393|2787|7767369
1394|2789|7778521
1395|2791|7789681
1396|2793|7800849
1397|2795|7812025
1398|2797|7823209
1399|2799|7834401
1400|2801|7845601
1401|2803|7856809
1402|2805|7868025
1403|2807|7879249
1404|2809|7890481
1405|2811|7901721
1406|2813|7912969
1407|2815|7924225
1408|2817|7935489
1409|2819|7946761
1410|2821|7958041
1411|2823|7969329
1412|2825|7980625
1413|2827|7991929
1414|2829|8003241
1415|2831|8014561
1416|2833|8025889
1417|2835|8037225
1418|2837|8048569
1419|2839|8059921
1420|2841|8071281
1421|2843|8082649
1422|2845|8094025
1423|2847|8105409
1424|2849|8116801
1425|2851|8128201
1426|2853|8139609
1427|2855|8151025
1428|2857|8162449
1429|2859|8173881
1430|2861|8185321
1431|2863|8196769
1432|2865|8208225
1433|2867|8219689
1434|2869|8231161
1435|2871|8242641
1436|2873|8254129
1437|2875|8265625
1438|2877|8277129
1439|2879|8288641
1440|2881|8300161
1441|2883|8311689
1442|2885|8323225
1443|2887|8334769
1444|2889|8346321
1445|2891|8357881
1446|2893|8369449
1447|2895|8381025
1448|2897|8392609
1449|2899|8404201
1450|2901|8415801
1451|2903|8427409
1452|2905|8439025
1453|2907|8450649
1454|2909|8462281
1455|2911|8473921
1456|2913|8485569
1457|2915|8497225
1458|2917|8508889
1459|2919|8520561
1460|2921|8532241
1461|2923|8543929
1462|2925|8555625
1463|2927|8567329
1464|2929|8579041
1465|2931|8590761
1466|2933|8602489
1467|2935|8614225
1468|2937|8625969
1469|2939|8637721
1470|2941|8649481
1471|2943|8661249
1472|2945|8673025
1473|2947|8684809
1474|2949|8696601
1475|2951|8708401
1476|2953|8720209
1477|2955|8732025
1478|2957|8743849
1479|2959|8755681
1480|2961|8767521
1481|2963|8779369
1482|2965|8791225
1483|2967|8803089
1484|2969|8814961
1485|2971|8826841
1486|2973|8838729
1487|2975|8850625
1488|2977|8862529
1489|2979|8874441
1490|2981|8886361
1491|2983|8898289
1492|2985|8910225
1493|2987|8922169
1494|2989|8934121
1495|2991|8946081
1496|2993|8958049
1497|2995|8970025
1498|2997|8982009
1499|2999|8994001
1500|3001|9006001
1501|3003|9018009
1502|3005|9030025
1503|3007|9042049
1504|3009|9054081
1505|3011|9066121
1506|3013|9078169
1507|3015|9090225
1508|3017|9102289
1509|3019|9114361
1510|3021|9126441
1511|3023|9138529
1512|3025|9150625
1513|3027|9162729
1514|3029|9174841
1515|3031|9186961
1516|3033|9199089
1517|3035|9211225
1518|3037|9223369
1519|3039|9235521
1520|3041|9247681
1521|3043|9259849
1522|3045|9272025
1523|3047|9284209
1524|3049|9296401
1525|3051|9308601
1526|3053|9320809
1527|3055|9333025
1528|3057|9345249
1529|3059|9357481
1530|3061|9369721
1531|3063|9381969
1532|3065|9394225
1533|3067|9406489
1534|3069|9418761
1535|3071|9431041
1536|3073|9443329
1537|3075|9455625
1538|3077|9467929
1539|3079|9480241
1540|3081|9492561
1541|3083|9504889
1542|3085|9517225
1543|3087|9529569
1544|3089|9541921
1545|3091|9554281
1546|3093|9566649
1547|3095|9579025
1548|3097|9591409
1549|3099|9603801
1550|3101|9616201
1551|3103|9628609
1552|3105|9641025
1553|3107|9653449
1554|3109|9665881
1555|3111|9678321
1556|3113|9690769
1557|3115|9703225
1558|3117|9715689
1559|3119|9728161
1560|3121|9740641
1561|3123|9753129
1562|3125|9765625
1563|3127|9778129
1564|3129|9790641
1565|3131|9803161
1566|3133|9815689
1567|3135|9828225
1568|3137|9840769
1569|3139|9853321
1570|3141|9865881
1571|3143|9878449
1572|3145|9891025
1573|3147|9903609
1574|3149|9916201
1575|3151|9928801
1576|3153|9941409
1577|3155|9954025
1578|3157|9966649
1579|3159|9979281
1580|3161|9991921
1581|3163|10004569
1582|3165|10017225
1583|3167|10029889
1584|3169|10042561
1585|3171|10055241
1586|3173|10067929
1587|3175|10080625
1588|3177|10093329
1589|3179|10106041
1590|3181|10118761
1591|3183|10131489
1592|3185|10144225
1593|3187|10156969
1594|3189|10169721
1595|3191|10182481
1596|3193|10195249
1597|3195|10208025
1598|3197|10220809
1599|3199|10233601
1600|3201|10246401
1601|3203|10259209
1602|3205|10272025
1603|3207|10284849
1604|3209|10297681
1605|3211|10310521
1606|3213|10323369
1607|3215|10336225
1608|3217|10349089
1609|3219|10361961
1610|3221|10374841
1611|3223|10387729
1612|3225|10400625
1613|3227|10413529
1614|3229|10426441
1615|3231|10439361
1616|3233|10452289
1617|3235|10465225
1618|3237|10478169
1619|3239|10491121
1620|3241|10504081
1621|3243|10517049
1622|3245|10530025
1623|3247|10543009
1624|3249|10556001
1625|3251|10569001
1626|3253|10582009
1627|3255|10595025
1628|3257|10608049
1629|3259|10621081
1630|3261|10634121
1631|3263|10647169
1632|3265|10660225
1633|3267|10673289
1634|3269|10686361
1635|3271|10699441
1636|3273|10712529
1637|3275|10725625
1638|3277|10738729
1639|3279|10751841
1640|3281|10764961
1641|3283|10778089
1642|3285|10791225
1643|3287|10804369
1644|3289|10817521
1645|3291|10830681
1646|3293|10843849
1647|3295|10857025
1648|3297|10870209
1649|3299|10883401
1650|3301|10896601
1651|3303|10909809
1652|3305|10923025
1653|3307|10936249
1654|3309|10949481
1655|3311|10962721
1656|3313|10975969
1657|3315|10989225
1658|3317|11002489
1659|3319|11015761
1660|3321|11029041
1661|3323|11042329
1662|3325|11055625
1663|3327|11068929
1664|3329|11082241
1665|3331|11095561
1666|3333|11108889
1667|3335|11122225
1668|3337|11135569
1669|3339|11148921
1670|3341|11162281
1671|3343|11175649
1672|3345|11189025
1673|3347|11202409
1674|3349|11215801
1675|3351|11229201
1676|3353|11242609
1677|3355|11256025
1678|3357|11269449
1679|3359|11282881
1680|3361|11296321
1681|3363|11309769
1682|3365|11323225
1683|3367|11336689
1684|3369|11350161
1685|3371|11363641
1686|3373|11377129
1687|3375|11390625
1688|3377|11404129
1689|3379|11417641
1690|3381|11431161
1691|3383|11444689
1692|3385|11458225
1693|3387|11471769
1694|3389|11485321
1695|3391|11498881
1696|3393|11512449
1697|3395|11526025
1698|3397|11539609
1699|3399|11553201
1700|3401|11566801
1701|3403|11580409
1702|3405|11594025
1703|3407|11607649
1704|3409|11621281
1705|3411|11634921
1706|3413|11648569
1707|3415|11662225
1708|3417|11675889
1709|3419|11689561
1710|3421|11703241
1711|3423|11716929
1712|3425|11730625
1713|3427|11744329
1714|3429|11758041
1715|3431|11771761
1716|3433|11785489
1717|3435|11799225
1718|3437|11812969
1719|3439|11826721
1720|3441|11840481
1721|3443|11854249
1722|3445|11868025
1723|3447|11881809
1724|3449|11895601
1725|3451|11909401
1726|3453|11923209
1727|3455|11937025
1728|3457|11950849
1729|3459|11964681
1730|3461|11978521
1731|3463|11992369
1732|3465|12006225
1733|3467|12020089
1734|3469|12033961
1735|3471|12047841
1736|3473|12061729
1737|3475|12075625
1738|3477|12089529
1739|3479|12103441
1740|3481|12117361
1741|3483|12131289
1742|3485|12145225
1743|3487|12159169
1744|3489|12173121
1745|3491|12187081
1746|3493|12201049
1747|3495|12215025
1748|3497|12229009
1749|3499|12243001
1750|3501|12257001
1751|3503|12271009
1752|3505|12285025
1753|3507|12299049
1754|3509|12313081
1755|3511|12327121
1756|3513|12341169
1757|3515|12355225
1758|3517|12369289
1759|3519|12383361
1760|3521|12397441
1761|3523|12411529
1762|3525|12425625
1763|3527|12439729
1764|3529|12453841
1765|3531|12467961
1766|3533|12482089
1767|3535|12496225
1768|3537|12510369
1769|3539|12524521
1770|3541|12538681
1771|3543|12552849
1772|3545|12567025
1773|3547|12581209
1774|3549|12595401
1775|3551|12609601
1776|3553|12623809
1777|3555|12638025
1778|3557|12652249
1779|3559|12666481
1780|3561|12680721
1781|3563|12694969
1782|3565|12709225
1783|3567|12723489
1784|3569|12737761
1785|3571|12752041
1786|3573|12766329
1787|3575|12780625
1788|3577|12794929
1789|3579|12809241
1790|3581|12823561
1791|3583|12837889
1792|3585|12852225
1793|3587|12866569
1794|3589|12880921
1795|3591|12895281
1796|3593|12909649
1797|3595|12924025
1798|3597|12938409
1799|3599|12952801
1800|3601|12967201
1801|3603|12981609
1802|3605|12996025
1803|3607|13010449
1804|3609|13024881
1805|3611|13039321
1806|3613|13053769
1807|3615|13068225
1808|3617|13082689
1809|3619|13097161
1810|3621|13111641
1811|3623|13126129
1812|3625|13140625
1813|3627|13155129
1814|3629|13169641
1815|3631|13184161
1816|3633|13198689
1817|3635|13213225
1818|3637|13227769
1819|3639|13242321
1820|3641|13256881
1821|3643|13271449
1822|3645|13286025
1823|3647|13300609
1824|3649|13315201
1825|3651|13329801
1826|3653|13344409
1827|3655|13359025
1828|3657|13373649
1829|3659|13388281
1830|3661|13402921
1831|3663|13417569
1832|3665|13432225
1833|3667|13446889
1834|3669|13461561
1835|3671|13476241
1836|3673|13490929
1837|3675|13505625
1838|3677|13520329
1839|3679|13535041
1840|3681|13549761
1841|3683|13564489
1842|3685|13579225
1843|3687|13593969
1844|3689|13608721
1845|3691|13623481
1846|3693|13638249
1847|3695|13653025
1848|3697|13667809
1849|3699|13682601
1850|3701|13697401
1851|3703|13712209
1852|3705|13727025
1853|3707|13741849
1854|3709|13756681
1855|3711|13771521
1856|3713|13786369
1857|3715|13801225
1858|3717|13816089
1859|3719|13830961
1860|3721|13845841
1861|3723|13860729
1862|3725|13875625
1863|3727|13890529
1864|3729|13905441
1865|3731|13920361
1866|3733|13935289
1867|3735|13950225
1868|3737|13965169
1869|3739|13980121
1870|3741|13995081
1871|3743|14010049
1872|3745|14025025
1873|3747|14040009
1874|3749|14055001
1875|3751|14070001
1876|3753|14085009
1877|3755|14100025
1878|3757|14115049
1879|3759|14130081
1880|3761|14145121
1881|3763|14160169
1882|3765|14175225
1883|3767|14190289
1884|3769|14205361
1885|3771|14220441
1886|3773|14235529
1887|3775|14250625
1888|3777|14265729
1889|3779|14280841
1890|3781|14295961
1891|3783|14311089
1892|3785|14326225
1893|3787|14341369
1894|3789|14356521
1895|3791|14371681
1896|3793|14386849
1897|3795|14402025
1898|3797|14417209
1899|3799|14432401
1900|3801|14447601
1901|3803|14462809
1902|3805|14478025
1903|3807|14493249
1904|3809|14508481
1905|3811|14523721
1906|3813|14538969
1907|3815|14554225
1908|3817|14569489
1909|3819|14584761
1910|3821|14600041
1911|3823|14615329
1912|3825|14630625
1913|3827|14645929
1914|3829|14661241
1915|3831|14676561
1916|3833|14691889
1917|3835|14707225
1918|3837|14722569
1919|3839|14737921
1920|3841|14753281
1921|3843|14768649
1922|3845|14784025
1923|3847|14799409
1924|3849|14814801
1925|3851|14830201
1926|3853|14845609
1927|3855|14861025
1928|3857|14876449
1929|3859|14891881
1930|3861|14907321
1931|3863|14922769
1932|3865|14938225
1933|3867|14953689
1934|3869|14969161
1935|3871|14984641
1936|3873|15000129
1937|3875|15015625
1938|3877|15031129
1939|3879|15046641
1940|3881|15062161
1941|3883|15077689
1942|3885|15093225
1943|3887|15108769
1944|3889|15124321
1945|3891|15139881
1946|3893|15155449
1947|3895|15171025
1948|3897|15186609
1949|3899|15202201
1950|3901|15217801
1951|3903|15233409
1952|3905|15249025
1953|3907|15264649
1954|3909|15280281
1955|3911|15295921
1956|3913|15311569
1957|3915|15327225
1958|3917|15342889
1959|3919|15358561
1960|3921|15374241
1961|3923|15389929
1962|3925|15405625
1963|3927|15421329
1964|3929|15437041
1965|3931|15452761
1966|3933|15468489
1967|3935|15484225
1968|3937|15499969
1969|3939|15515721
1970|3941|15531481
1971|3943|15547249
1972|3945|15563025
1973|3947|15578809
1974|3949|15594601
1975|3951|15610401
1976|3953|15626209
1977|3955|15642025
1978|3957|15657849
1979|3959|15673681
1980|3961|15689521
1981|3963|15705369
1982|3965|15721225
1983|3967|15737089
1984|3969|15752961
1985|3971|15768841
1986|3973|15784729
1987|3975|15800625
1988|3977|15816529
1989|3979|15832441
1990|3981|15848361
1991|3983|15864289
1992|3985|15880225
1993|3987|15896169
1994|3989|15912121
1995|3991|15928081
1996|3993|15944049
1997|3995|15960025
1998|3997|15976009
1999|3999|15992001
2000|4001|16008001
2001|4003|16024009
2002|4005|16040025
2003|4007|16056049
2004|4009|16072081
2005|4011|16088121
2006|4013|16104169
2007|4015|16120225
2008|4017|16136289
2009|4019|16152361
2010|4021|16168441
2011|4023|16184529
2012|4025|16200625
2013|4027|16216729
2014|4029|16232841
2015|4031|16248961
2016|4033|16265089
2017|4035|16281225
2018|4037|16297369
2019|4039|16313521
2020|4041|16329681
2021|4043|16345849
2022|4045|16362025
2023|4047|16378209
2024|4049|16394401
2025|4051|16410601
2026|4053|16426809
2027|4055|16443025
2028|4057|16459249
2029|4059|16475481
2030|4061|16491721
2031|4063|16507969
2032|4065|16524225
2033|4067|16540489
2034|4069|16556761
2035|4071|16573041
2036|4073|16589329
2037|4075|16605625
2038|4077|16621929
2039|4079|16638241
2040|4081|16654561
2041|4083|16670889
2042|4085|16687225
2043|4087|16703569
2044|4089|16719921
2045|4091|16736281
2046|4093|16752649
2047|4095|16769025
2048|4097|16785409
2049|4099|16801801
2050|4101|16818201
2051|4103|16834609
2052|4105|16851025
2053|4107|16867449
2054|4109|16883881
2055|4111|16900321
2056|4113|16916769
2057|4115|16933225
2058|4117|16949689
2059|4119|16966161
2060|4121|16982641
2061|4123|16999129
2062|4125|17015625
2063|4127|17032129
2064|4129|17048641
2065|4131|17065161
2066|4133|17081689
2067|4135|17098225
2068|4137|17114769
2069|4139|17131321
2070|4141|17147881
2071|4143|17164449
2072|4145|17181025
2073|4147|17197609
2074|4149|17214201
2075|4151|17230801
2076|4153|17247409
2077|4155|17264025
2078|4157|17280649
2079|4159|17297281
2080|4161|17313921
2081|4163|17330569
2082|4165|17347225
2083|4167|17363889
2084|4169|17380561
2085|4171|17397241
2086|4173|17413929
2087|4175|17430625
2088|4177|17447329
2089|4179|17464041
2090|4181|17480761
2091|4183|17497489
2092|4185|17514225
2093|4187|17530969
2094|4189|17547721
2095|4191|17564481
2096|4193|17581249
2097|4195|17598025
2098|4197|17614809
2099|4199|17631601
2100|4201|17648401
2101|4203|17665209
2102|4205|17682025
2103|4207|17698849
2104|4209|17715681
2105|4211|17732521
2106|4213|17749369
2107|4215|17766225
2108|4217|17783089
2109|4219|17799961
2110|4221|17816841
2111|4223|17833729
2112|4225|17850625
2113|4227|17867529
2114|4229|17884441
2115|4231|17901361
2116|4233|17918289
2117|4235|17935225
2118|4237|17952169
2119|4239|17969121
2120|4241|17986081
2121|4243|18003049
2122|4245|18020025
2123|4247|18037009
2124|4249|18054001
2125|4251|18071001
2126|4253|18088009
2127|4255|18105025
2128|4257|18122049
2129|4259|18139081
2130|4261|18156121
2131|4263|18173169
2132|4265|18190225
2133|4267|18207289
2134|4269|18224361
2135|4271|18241441
2136|4273|18258529
2137|4275|18275625
2138|4277|18292729
2139|4279|18309841
2140|4281|18326961
2141|4283|18344089
2142|4285|18361225
2143|4287|18378369
2144|4289|18395521
2145|4291|18412681
2146|4293|18429849
2147|4295|18447025
2148|4297|18464209
2149|4299|18481401
2150|4301|18498601
2151|4303|18515809
2152|4305|18533025
2153|4307|18550249
2154|4309|18567481
2155|4311|18584721
2156|4313|18601969
2157|4315|18619225
2158|4317|18636489
2159|4319|18653761
2160|4321|18671041
2161|4323|18688329
2162|4325|18705625
2163|4327|18722929
2164|4329|18740241
2165|4331|18757561
2166|4333|18774889
2167|4335|18792225
2168|4337|18809569
2169|4339|18826921
2170|4341|18844281
2171|4343|18861649
2172|4345|18879025
2173|4347|18896409
2174|4349|18913801
2175|4351|18931201
2176|4353|18948609
2177|4355|18966025
2178|4357|18983449
2179|4359|19000881
2180|4361|19018321
2181|4363|19035769
2182|4365|19053225
2183|4367|19070689
2184|4369|19088161
2185|4371|19105641
2186|4373|19123129
2187|4375|19140625
2188|4377|19158129
2189|4379|19175641
2190|4381|19193161
2191|4383|19210689
2192|4385|19228225
2193|4387|19245769
2194|4389|19263321
2195|4391|19280881
2196|4393|19298449
2197|4395|19316025
2198|4397|19333609
2199|4399|19351201
2200|4401|19368801
2201|4403|19386409
2202|4405|19404025
2203|4407|19421649
2204|4409|19439281
2205|4411|19456921
2206|4413|19474569
2207|4415|19492225
2208|4417|19509889
2209|4419|19527561
2210|4421|19545241
2211|4423|19562929
2212|4425|19580625
2213|4427|19598329
2214|4429|19616041
2215|4431|19633761
2216|4433|19651489
2217|4435|19669225
2218|4437|19686969
2219|4439|19704721
2220|4441|19722481
2221|4443|19740249
2222|4445|19758025
2223|4447|19775809
2224|4449|19793601
2225|4451|19811401
2226|4453|19829209
2227|4455|19847025
2228|4457|19864849
2229|4459|19882681
2230|4461|19900521
2231|4463|19918369
2232|4465|19936225
2233|4467|19954089
2234|4469|19971961
2235|4471|19989841
2236|4473|20007729
2237|4475|20025625
2238|4477|20043529
2239|4479|20061441
2240|4481|20079361
2241|4483|20097289
2242|4485|20115225
2243|4487|20133169
2244|4489|20151121
2245|4491|20169081
2246|4493|20187049
2247|4495|20205025
2248|4497|20223009
2249|4499|20241001
2250|4501|20259001
2251|4503|20277009
2252|4505|20295025
2253|4507|20313049
2254|4509|20331081
2255|4511|20349121
2256|4513|20367169
2257|4515|20385225
2258|4517|20403289
2259|4519|20421361
2260|4521|20439441
2261|4523|20457529
2262|4525|20475625
2263|4527|20493729
2264|4529|20511841
2265|4531|20529961
2266|4533|20548089
2267|4535|20566225
2268|4537|20584369
2269|4539|20602521
2270|4541|20620681
2271|4543|20638849
2272|4545|20657025
2273|4547|20675209
2274|4549|20693401
2275|4551|20711601
2276|4553|20729809
2277|4555|20748025
2278|4557|20766249
2279|4559|20784481
2280|4561|20802721
2281|4563|20820969
2282|4565|20839225
2283|4567|20857489
2284|4569|20875761
2285|4571|20894041
2286|4573|20912329
2287|4575|20930625
2288|4577|20948929
2289|4579|20967241
2290|4581|20985561
2291|4583|21003889
2292|4585|21022225
2293|4587|21040569
2294|4589|21058921
2295|4591|21077281
2296|4593|21095649
2297|4595|21114025
2298|4597|21132409
2299|4599|21150801
2300|4601|21169201
2301|4603|21187609
2302|4605|21206025
2303|4607|21224449
2304|4609|21242881
2305|4611|21261321
2306|4613|21279769
2307|4615|21298225
2308|4617|21316689
2309|4619|21335161
2310|4621|21353641
2311|4623|21372129
2312|4625|21390625
2313|4627|21409129
2314|4629|21427641
2315|4631|21446161
2316|4633|21464689
2317|4635|21483225
2318|4637|21501769
2319|4639|21520321
2320|4641|21538881
2321|4643|21557449
2322|4645|21576025
2323|4647|21594609
2324|4649|21613201
2325|4651|21631801
2326|4653|21650409
2327|4655|21669025
2328|4657|21687649
2329|4659|21706281
2330|4661|21724921
2331|4663|21743569
2332|4665|21762225
2333|4667|21780889
2334|4669|21799561
2335|4671|21818241
2336|4673|21836929
2337|4675|21855625
2338|4677|21874329
2339|4679|21893041
2340|4681|21911761
2341|4683|21930489
2342|4685|21949225
2343|4687|21967969
2344|4689|21986721
2345|4691|22005481
2346|4693|22024249
2347|4695|22043025
2348|4697|22061809
2349|4699|22080601
2350|4701|22099401
2351|4703|22118209
2352|4705|22137025
2353|4707|22155849
2354|4709|22174681
2355|4711|22193521
2356|4713|22212369
2357|4715|22231225
2358|4717|22250089
2359|4719|22268961
2360|4721|22287841
2361|4723|22306729
2362|4725|22325625
2363|4727|22344529
2364|4729|22363441
2365|4731|22382361
2366|4733|22401289
2367|4735|22420225
2368|4737|22439169
2369|4739|22458121
2370|4741|22477081
2371|4743|22496049
2372|4745|22515025
2373|4747|22534009
2374|4749|22553001
2375|4751|22572001
2376|4753|22591009
2377|4755|22610025
2378|4757|22629049
2379|4759|22648081
2380|4761|22667121
2381|4763|22686169
2382|4765|22705225
2383|4767|22724289
2384|4769|22743361
2385|4771|22762441
2386|4773|22781529
2387|4775|22800625
2388|4777|22819729
2389|4779|22838841
2390|4781|22857961
2391|4783|22877089
2392|4785|22896225
2393|4787|22915369
2394|4789|22934521
2395|4791|22953681
2396|4793|22972849
2397|4795|22992025
2398|4797|23011209
2399|4799|23030401
2400|4801|23049601
2401|4803|23068809
2402|4805|23088025
2403|4807|23107249
2404|4809|23126481
2405|4811|23145721
2406|4813|23164969
2407|4815|23184225
2408|4817|23203489
2409|4819|23222761
2410|4821|23242041
2411|4823|23261329
2412|4825|23280625
2413|4827|23299929
2414|4829|23319241
2415|4831|23338561
2416|4833|23357889
2417|4835|23377225
2418|4837|23396569
2419|4839|23415921
2420|4841|23435281
2421|4843|23454649
2422|4845|23474025
2423|4847|23493409
2424|4849|23512801
2425|4851|23532201
2426|4853|23551609
2427|4855|23571025
2428|4857|23590449
2429|4859|23609881
2430|4861|23629321
2431|4863|23648769
2432|4865|23668225
2433|4867|23687689
2434|4869|23707161
2435|4871|23726641
2436|4873|23746129
2437|4875|23765625
2438|4877|23785129
2439|4879|23804641
2440|4881|23824161
2441|4883|23843689
2442|4885|23863225
2443|4887|23882769
2444|4889|23902321
2445|4891|23921881
2446|4893|23941449
2447|4895|23961025
2448|4897|23980609
2449|4899|24000201
2450|4901|24019801
2451|4903|24039409
2452|4905|24059025
2453|4907|24078649
2454|4909|24098281
2455|4911|24117921
2456|4913|24137569
2457|4915|24157225
2458|4917|24176889
2459|4919|24196561
2460|4921|24216241
2461|4923|24235929
2462|4925|24255625
2463|4927|24275329
2464|4929|24295041
2465|4931|24314761
2466|4933|24334489
2467|4935|24354225
2468|4937|24373969
2469|4939|24393721
2470|4941|24413481
2471|4943|24433249
2472|4945|24453025
2473|4947|24472809
2474|4949|24492601
2475|4951|24512401
2476|4953|24532209
2477|4955|24552025
2478|4957|24571849
2479|4959|24591681
2480|4961|24611521
2481|4963|24631369
2482|4965|24651225
2483|4967|24671089
2484|4969|24690961
2485|4971|24710841
2486|4973|24730729
2487|4975|24750625
2488|4977|24770529
2489|4979|24790441
2490|4981|24810361
2491|4983|24830289
2492|4985|24850225
2493|4987|24870169
2494|4989|24890121
2495|4991|24910081
2496|4993|24930049
2497|4995|24950025
2498|4997|24970009
2499|4999|24990001
2500|5001|25010001
2501|5003|25030009
2502|5005|25050025
2503|5007|25070049
2504|5009|25090081
2505|5011|25110121
2506|5013|25130169
2507|5015|25150225
2508|5017|25170289
2509|5019|25190361
2510|5021|25210441
2511|5023|25230529
2512|5025|25250625
2513|5027|25270729
2514|5029|25290841
2515|5031|25310961
2516|5033|25331089
2517|5035|25351225
2518|5037|25371369
2519|5039|25391521
2520|5041|25411681
2521|5043|25431849
2522|5045|25452025
2523|5047|25472209
2524|5049|25492401
2525|5051|25512601
2526|5053|25532809
2527|5055|25553025
2528|5057|25573249
2529|5059|25593481
2530|5061|25613721
2531|5063|25633969
2532|5065|25654225
2533|5067|25674489
2534|5069|25694761
2535|5071|25715041
2536|5073|25735329
2537|5075|25755625
2538|5077|25775929
2539|5079|25796241
2540|5081|25816561
2541|5083|25836889
2542|5085|25857225
2543|5087|25877569
2544|5089|25897921
2545|5091|25918281
2546|5093|25938649
2547|5095|25959025
2548|5097|25979409
2549|5099|25999801
2550|5101|26020201
2551|5103|26040609
2552|5105|26061025
2553|5107|26081449
2554|5109|26101881
2555|5111|26122321
2556|5113|26142769
2557|5115|26163225
2558|5117|26183689
2559|5119|26204161
2560|5121|26224641
2561|5123|26245129
2562|5125|26265625
2563|5127|26286129
2564|5129|26306641
2565|5131|26327161
2566|5133|26347689
2567|5135|26368225
2568|5137|26388769
2569|5139|26409321
2570|5141|26429881
2571|5143|26450449
2572|5145|26471025
2573|5147|26491609
2574|5149|26512201
2575|5151|26532801
2576|5153|26553409
2577|5155|26574025
2578|5157|26594649
2579|5159|26615281
2580|5161|26635921
2581|5163|26656569
2582|5165|26677225
2583|5167|26697889
2584|5169|26718561
2585|5171|26739241
2586|5173|26759929
2587|5175|26780625
2588|5177|26801329
2589|5179|26822041
2590|5181|26842761
2591|5183|26863489
2592|5185|26884225
2593|5187|26904969
2594|5189|26925721
2595|5191|26946481
2596|5193|26967249
2597|5195|26988025
2598|5197|27008809
2599|5199|27029601
2600|5201|27050401
2601|5203|27071209
2602|5205|27092025
2603|5207|27112849
2604|5209|27133681
2605|5211|27154521
2606|5213|27175369
2607|5215|27196225
2608|5217|27217089
2609|5219|27237961
2610|5221|27258841
2611|5223|27279729
2612|5225|27300625
2613|5227|27321529
2614|5229|27342441
2615|5231|27363361
2616|5233|27384289
2617|5235|27405225
2618|5237|27426169
2619|5239|27447121
2620|5241|27468081
2621|5243|27489049
2622|5245|27510025
2623|5247|27531009
2624|5249|27552001
2625|5251|27573001
2626|5253|27594009
2627|5255|27615025
2628|5257|27636049
2629|5259|27657081
2630|5261|27678121
2631|5263|27699169
2632|5265|27720225
2633|5267|27741289
2634|5269|27762361
2635|5271|27783441
2636|5273|27804529
2637|5275|27825625
2638|5277|27846729
2639|5279|27867841
2640|5281|27888961
2641|5283|27910089
2642|5285|27931225
2643|5287|27952369
2644|5289|27973521
2645|5291|27994681
2646|5293|28015849
2647|5295|28037025
2648|5297|28058209
2649|5299|28079401
2650|5301|28100601
2651|5303|28121809
2652|5305|28143025
2653|5307|28164249
2654|5309|28185481
2655|5311|28206721
2656|5313|28227969
2657|5315|28249225
2658|5317|28270489
2659|5319|28291761
2660|5321|28313041
2661|5323|28334329
2662|5325|28355625
2663|5327|28376929
2664|5329|28398241
2665|5331|28419561
2666|5333|28440889
2667|5335|28462225
2668|5337|28483569
2669|5339|28504921
2670|5341|28526281
2671|5343|28547649
2672|5345|28569025
2673|5347|28590409
2674|5349|28611801
2675|5351|28633201
2676|5353|28654609
2677|5355|28676025
2678|5357|28697449
2679|5359|28718881
2680|5361|28740321
2681|5363|28761769
2682|5365|28783225
2683|5367|28804689
2684|5369|28826161
2685|5371|28847641
2686|5373|28869129
2687|5375|28890625
2688|5377|28912129
2689|5379|28933641
2690|5381|28955161
2691|5383|28976689
2692|5385|28998225
2693|5387|29019769
2694|5389|29041321
2695|5391|29062881
2696|5393|29084449
2697|5395|29106025
2698|5397|29127609
2699|5399|29149201
2700|5401|29170801
2701|5403|29192409
2702|5405|29214025
2703|5407|29235649
2704|5409|29257281
2705|5411|29278921
2706|5413|29300569
2707|5415|29322225
2708|5417|29343889
2709|5419|29365561
2710|5421|29387241
2711|5423|29408929
2712|5425|29430625
2713|5427|29452329
2714|5429|29474041
2715|5431|29495761
2716|5433|29517489
2717|5435|29539225
2718|5437|29560969
2719|5439|29582721
2720|5441|29604481
2721|5443|29626249
2722|5445|29648025
2723|5447|29669809
2724|5449|29691601
2725|5451|29713401
2726|5453|29735209
2727|5455|29757025
2728|5457|29778849
2729|5459|29800681
2730|5461|29822521
2731|5463|29844369
2732|5465|29866225
2733|5467|29888089
2734|5469|29909961
2735|5471|29931841
2736|5473|29953729
2737|5475|29975625
2738|5477|29997529
2739|5479|30019441
2740|5481|30041361
2741|5483|30063289
2742|5485|30085225
2743|5487|30107169
2744|5489|30129121
2745|5491|30151081
2746|5493|30173049
2747|5495|30195025
2748|5497|30217009
2749|5499|30239001
2750|5501|30261001
2751|5503|30283009
2752|5505|30305025
2753|5507|30327049
2754|5509|30349081
2755|5511|30371121
2756|5513|30393169
2757|5515|30415225
2758|5517|30437289
2759|5519|30459361
2760|5521|30481441
2761|5523|30503529
2762|5525|30525625
2763|5527|30547729
2764|5529|30569841
2765|5531|30591961
2766|5533|30614089
2767|5535|30636225
2768|5537|30658369
2769|5539|30680521
2770|5541|30702681
2771|5543|30724849
2772|5545|30747025
2773|5547|30769209
2774|5549|30791401
2775|5551|30813601
2776|5553|30835809
2777|5555|30858025
2778|5557|30880249
2779|5559|30902481
2780|5561|30924721
2781|5563|30946969
2782|5565|30969225
2783|5567|30991489
2784|5569|31013761
2785|5571|31036041
2786|5573|31058329
2787|5575|31080625
2788|5577|31102929
2789|5579|31125241
2790|5581|31147561
2791|5583|31169889
2792|5585|31192225
2793|5587|31214569
2794|5589|31236921
2795|5591|31259281
2796|5593|31281649
2797|5595|31304025
2798|5597|31326409
2799|5599|31348801
2800|5601|31371201
2801|5603|31393609
2802|5605|31416025
2803|5607|31438449
2804|5609|31460881
2805|5611|31483321
2806|5613|31505769
2807|5615|31528225
2808|5617|31550689
2809|5619|31573161
2810|5621|31595641
2811|5623|31618129
2812|5625|31640625
2813|5627|31663129
2814|5629|31685641
2815|5631|31708161
2816|5633|31730689
2817|5635|31753225
2818|5637|31775769
2819|5639|31798321
2820|5641|31820881
2821|5643|31843449
2822|5645|31866025
2823|5647|31888609
2824|5649|31911201
2825|5651|31933801
2826|5653|31956409
2827|5655|31979025
2828|5657|32001649
2829|5659|32024281
2830|5661|32046921
2831|5663|32069569
2832|5665|32092225
2833|5667|32114889
2834|5669|32137561
2835|5671|32160241
2836|5673|32182929
2837|5675|32205625
2838|5677|32228329
2839|5679|32251041
2840|5681|32273761
2841|5683|32296489
2842|5685|32319225
2843|5687|32341969
2844|5689|32364721
2845|5691|32387481
2846|5693|32410249
2847|5695|32433025
2848|5697|32455809
2849|5699|32478601
2850|5701|32501401
2851|5703|32524209
2852|5705|32547025
2853|5707|32569849
2854|5709|32592681
2855|5711|32615521
2856|5713|32638369
2857|5715|32661225
2858|5717|32684089
2859|5719|32706961
2860|5721|32729841
2861|5723|32752729
2862|5725|32775625
2863|5727|32798529
2864|5729|32821441
2865|5731|32844361
2866|5733|32867289
2867|5735|32890225
2868|5737|32913169
2869|5739|32936121
2870|5741|32959081
2871|5743|32982049
2872|5745|33005025
2873|5747|33028009
2874|5749|33051001
2875|5751|33074001
2876|5753|33097009
2877|5755|33120025
2878|5757|33143049
2879|5759|33166081
2880|5761|33189121
2881|5763|33212169
2882|5765|33235225
2883|5767|33258289
2884|5769|33281361
2885|5771|33304441
2886|5773|33327529
2887|5775|33350625
2888|5777|33373729
2889|5779|33396841
2890|5781|33419961
2891|5783|33443089
2892|5785|33466225
2893|5787|33489369
2894|5789|33512521
2895|5791|33535681
2896|5793|33558849
2897|5795|33582025
2898|5797|33605209
2899|5799|33628401
2900|5801|33651601
2901|5803|33674809
2902|5805|33698025
2903|5807|33721249
2904|5809|33744481
2905|5811|33767721
2906|5813|33790969
2907|5815|33814225
2908|5817|33837489
2909|5819|33860761
2910|5821|33884041
2911|5823|33907329
2912|5825|33930625
2913|5827|33953929
2914|5829|33977241
2915|5831|34000561
2916|5833|34023889
2917|5835|34047225
2918|5837|34070569
2919|5839|34093921
2920|5841|34117281
2921|5843|34140649
2922|5845|34164025
2923|5847|34187409
2924|5849|34210801
2925|5851|34234201
2926|5853|34257609
2927|5855|34281025
2928|5857|34304449
2929|5859|34327881
2930|5861|34351321
2931|5863|34374769
2932|5865|34398225
2933|5867|34421689
2934|5869|34445161
2935|5871|34468641
2936|5873|34492129
2937|5875|34515625
2938|5877|34539129
2939|5879|34562641
2940|5881|34586161
2941|5883|34609689
2942|5885|34633225
2943|5887|34656769
2944|5889|34680321
2945|5891|34703881
2946|5893|34727449
2947|5895|34751025
2948|5897|34774609
2949|5899|34798201
2950|5901|34821801
2951|5903|34845409
2952|5905|34869025
2953|5907|34892649
2954|5909|34916281
2955|5911|34939921
2956|5913|34963569
2957|5915|34987225
2958|5917|35010889
2959|5919|35034561
2960|5921|35058241
2961|5923|35081929
2962|5925|35105625
2963|5927|35129329
2964|5929|35153041
2965|5931|35176761
2966|5933|35200489
2967|5935|35224225
2968|5937|35247969
2969|5939|35271721
2970|5941|35295481
2971|5943|35319249
2972|5945|35343025
2973|5947|35366809
2974|5949|35390601
2975|5951|35414401
2976|5953|35438209
2977|5955|35462025
2978|5957|35485849
2979|5959|35509681
2980|5961|35533521
2981|5963|35557369
2982|5965|35581225
2983|5967|35605089
2984|5969|35628961
2985|5971|35652841
2986|5973|35676729
2987|5975|35700625
2988|5977|35724529
2989|5979|35748441
2990|5981|35772361
2991|5983|35796289
2992|5985|35820225
2993|5987|35844169
2994|5989|35868121
2995|5991|35892081
2996|5993|35916049
2997|5995|35940025
2998|5997|35964009
2999|5999|35988001
3000|6001|36012001
3001|6003|36036009
3002|6005|36060025
3003|6007|36084049
3004|6009|36108081
3005|6011|36132121
3006|6013|36156169
3007|6015|36180225
3008|6017|36204289
3009|6019|36228361
3010|6021|36252441
3011|6023|36276529
3012|6025|36300625
3013|6027|36324729
3014|6029|36348841
3015|6031|36372961
3016|6033|36397089
3017|6035|36421225
3018|6037|36445369
3019|6039|36469521
3020|6041|36493681
3021|6043|36517849
3022|6045|36542025
3023|6047|36566209
3024|6049|36590401
3025|6051|36614601
3026|6053|36638809
3027|6055|36663025
3028|6057|36687249
3029|6059|36711481
3030|6061|36735721
3031|6063|36759969
3032|6065|36784225
3033|6067|36808489
3034|6069|36832761
3035|6071|36857041
3036|6073|36881329
3037|6075|36905625
3038|6077|36929929
3039|6079|36954241
3040|6081|36978561
3041|6083|37002889
3042|6085|37027225
3043|6087|37051569
3044|6089|37075921
3045|6091|37100281
3046|6093|37124649
3047|6095|37149025
3048|6097|37173409
3049|6099|37197801
3050|6101|37222201
3051|6103|37246609
3052|6105|37271025
3053|6107|37295449
3054|6109|37319881
3055|6111|37344321
3056|6113|37368769
3057|6115|37393225
3058|6117|37417689
3059|6119|37442161
3060|6121|37466641
3061|6123|37491129
3062|6125|37515625
3063|6127|37540129
3064|6129|37564641
3065|6131|37589161
3066|6133|37613689
3067|6135|37638225
3068|6137|37662769
3069|6139|37687321
3070|6141|37711881
3071|6143|37736449
3072|6145|37761025
3073|6147|37785609
3074|6149|37810201
3075|6151|37834801
3076|6153|37859409
3077|6155|37884025
3078|6157|37908649
3079|6159|37933281
3080|6161|37957921
3081|6163|37982569
3082|6165|38007225
3083|6167|38031889
3084|6169|38056561
3085|6171|38081241
3086|6173|38105929
3087|6175|38130625
3088|6177|38155329
3089|6179|38180041
3090|6181|38204761
3091|6183|38229489
3092|6185|38254225
3093|6187|38278969
3094|6189|38303721
3095|6191|38328481
3096|6193|38353249
3097|6195|38378025
3098|6197|38402809
3099|6199|38427601
3100|6201|38452401
3101|6203|38477209
3102|6205|38502025
3103|6207|38526849
3104|6209|38551681
3105|6211|38576521
3106|6213|38601369
3107|6215|38626225
3108|6217|38651089
3109|6219|38675961
3110|6221|38700841
3111|6223|38725729
3112|6225|38750625
3113|6227|38775529
3114|6229|38800441
3115|6231|38825361
3116|6233|38850289
3117|6235|38875225
3118|6237|38900169
3119|6239|38925121
3120|6241|38950081
3121|6243|38975049
3122|6245|39000025
3123|6247|39025009
3124|6249|39050001
3125|6251|39075001
3126|6253|39100009
3127|6255|39125025
3128|6257|39150049
3129|6259|39175081
3130|6261|39200121
3131|6263|39225169
3132|6265|39250225
3133|6267|39275289
3134|6269|39300361
3135|6271|39325441
3136|6273|39350529
3137|6275|39375625
3138|6277|39400729
3139|6279|39425841
3140|6281|39450961
3141|6283|39476089
3142|6285|39501225
3143|6287|39526369
3144|6289|39551521
3145|6291|39576681
3146|6293|39601849
3147|6295|39627025
3148|6297|39652209
3149|6299|39677401
3150|6301|39702601
3151|6303|39727809
3152|6305|39753025
3153|6307|39778249
3154|6309|39803481
3155|6311|39828721
3156|6313|39853969
3157|6315|39879225
3158|6317|39904489
3159|6319|39929761
3160|6321|39955041
3161|6323|39980329
3162|6325|40005625
3163|6327|40030929
3164|6329|40056241
3165|6331|40081561
3166|6333|40106889
3167|6335|40132225
3168|6337|40157569
3169|6339|40182921
3170|6341|40208281
3171|6343|40233649
3172|6345|40259025
3173|6347|40284409
3174|6349|40309801
3175|6351|40335201
3176|6353|40360609
3177|6355|40386025
3178|6357|40411449
3179|6359|40436881
3180|6361|40462321
3181|6363|40487769
3182|6365|40513225
3183|6367|40538689
3184|6369|40564161
3185|6371|40589641
3186|6373|40615129
3187|6375|40640625
3188|6377|40666129
3189|6379|40691641
3190|6381|40717161
3191|6383|40742689
3192|6385|40768225
3193|6387|40793769
3194|6389|40819321
3195|6391|40844881
3196|6393|40870449
3197|6395|40896025
3198|6397|40921609
3199|6399|40947201
3200|6401|40972801
3201|6403|40998409
3202|6405|41024025
3203|6407|41049649
3204|6409|41075281
3205|6411|41100921
3206|6413|41126569
3207|6415|41152225
3208|6417|41177889
3209|6419|41203561
3210|6421|41229241
3211|6423|41254929
3212|6425|41280625
3213|6427|41306329
3214|6429|41332041
3215|6431|41357761
3216|6433|41383489
3217|6435|41409225
3218|6437|41434969
3219|6439|41460721
3220|6441|41486481
3221|6443|41512249
3222|6445|41538025
3223|6447|41563809
3224|6449|41589601
3225|6451|41615401
3226|6453|41641209
3227|6455|41667025
3228|6457|41692849
3229|6459|41718681
3230|6461|41744521
3231|6463|41770369
3232|6465|41796225
3233|6467|41822089
3234|6469|41847961
3235|6471|41873841
3236|6473|41899729
3237|6475|41925625
3238|6477|41951529
3239|6479|41977441
3240|6481|42003361
3241|6483|42029289
3242|6485|42055225
3243|6487|42081169
3244|6489|42107121
3245|6491|42133081
3246|6493|42159049
3247|6495|42185025
3248|6497|42211009
3249|6499|42237001
3250|6501|42263001
3251|6503|42289009
3252|6505|42315025
3253|6507|42341049
3254|6509|42367081
3255|6511|42393121
3256|6513|42419169
3257|6515|42445225
3258|6517|42471289
3259|6519|42497361
3260|6521|42523441
3261|6523|42549529
3262|6525|42575625
3263|6527|42601729
3264|6529|42627841
3265|6531|42653961
3266|6533|42680089
3267|6535|42706225
3268|6537|42732369
3269|6539|42758521
3270|6541|42784681
3271|6543|42810849
3272|6545|42837025
3273|6547|42863209
3274|6549|42889401
3275|6551|42915601
3276|6553|42941809
3277|6555|42968025
3278|6557|42994249
3279|6559|43020481
3280|6561|43046721
3281|6563|43072969
3282|6565|43099225
3283|6567|43125489
3284|6569|43151761
3285|6571|43178041
3286|6573|43204329
3287|6575|43230625
3288|6577|43256929
3289|6579|43283241
3290|6581|43309561
3291|6583|43335889
3292|6585|43362225
3293|6587|43388569
3294|6589|43414921
3295|6591|43441281
3296|6593|43467649
3297|6595|43494025
3298|6597|43520409
3299|6599|43546801
3300|6601|43573201
3301|6603|43599609
3302|6605|43626025
3303|6607|43652449
3304|6609|43678881
3305|6611|43705321
3306|6613|43731769
3307|6615|43758225
3308|6617|43784689
3309|6619|43811161
3310|6621|43837641
3311|6623|43864129
3312|6625|43890625
3313|6627|43917129
3314|6629|43943641
3315|6631|43970161
3316|6633|43996689
3317|6635|44023225
3318|6637|44049769
3319|6639|44076321
3320|6641|44102881
3321|6643|44129449
3322|6645|44156025
3323|6647|44182609
3324|6649|44209201
3325|6651|44235801
3326|6653|44262409
3327|6655|44289025
3328|6657|44315649
3329|6659|44342281
3330|6661|44368921
3331|6663|44395569
3332|6665|44422225
3333|6667|44448889
3334|6669|44475561
3335|6671|44502241
3336|6673|44528929
3337|6675|44555625
3338|6677|44582329
3339|6679|44609041
3340|6681|44635761
3341|6683|44662489
3342|6685|44689225
3343|6687|44715969
3344|6689|44742721
3345|6691|44769481
3346|6693|44796249
3347|6695|44823025
3348|6697|44849809
3349|6699|44876601
3350|6701|44903401
3351|6703|44930209
3352|6705|44957025
3353|6707|44983849
3354|6709|45010681
3355|6711|45037521
3356|6713|45064369
3357|6715|45091225
3358|6717|45118089
3359|6719|45144961
3360|6721|45171841
3361|6723|45198729
3362|6725|45225625
3363|6727|45252529
3364|6729|45279441
3365|6731|45306361
3366|6733|45333289
3367|6735|45360225
3368|6737|45387169
3369|6739|45414121
3370|6741|45441081
3371|6743|45468049
3372|6745|45495025
3373|6747|45522009
3374|6749|45549001
3375|6751|45576001
3376|6753|45603009
3377|6755|45630025
3378|6757|45657049
3379|6759|45684081
3380|6761|45711121
3381|6763|45738169
3382|6765|45765225
3383|6767|45792289
3384|6769|45819361
3385|6771|45846441
3386|6773|45873529
3387|6775|45900625
3388|6777|45927729
3389|6779|45954841
3390|6781|45981961
3391|6783|46009089
3392|6785|46036225
3393|6787|46063369
3394|6789|46090521
3395|6791|46117681
3396|6793|46144849
3397|6795|46172025
3398|6797|46199209
3399|6799|46226401
3400|6801|46253601
3401|6803|46280809
3402|6805|46308025
3403|6807|46335249
3404|6809|46362481
3405|6811|46389721
3406|6813|46416969
3407|6815|46444225
3408|6817|46471489
3409|6819|46498761
3410|6821|46526041
3411|6823|46553329
3412|6825|46580625
3413|6827|46607929
3414|6829|46635241
3415|6831|46662561
3416|6833|46689889
3417|6835|46717225
3418|6837|46744569
3419|6839|46771921
3420|6841|46799281
3421|6843|46826649
3422|6845|46854025
3423|6847|46881409
3424|6849|46908801
3425|6851|46936201
3426|6853|46963609
3427|6855|46991025
3428|6857|47018449
3429|6859|47045881
3430|6861|47073321
3431|6863|47100769
3432|6865|47128225
3433|6867|47155689
3434|6869|47183161
3435|6871|47210641
3436|6873|47238129
3437|6875|47265625
3438|6877|47293129
3439|6879|47320641
3440|6881|47348161
3441|6883|47375689
3442|6885|47403225
3443|6887|47430769
3444|6889|47458321
3445|6891|47485881
3446|6893|47513449
3447|6895|47541025
3448|6897|47568609
3449|6899|47596201
3450|6901|47623801
3451|6903|47651409
3452|6905|47679025
3453|6907|47706649
3454|6909|47734281
3455|6911|47761921
3456|6913|47789569
3457|6915|47817225
3458|6917|47844889
3459|6919|47872561
3460|6921|47900241
3461|6923|47927929
3462|6925|47955625
3463|6927|47983329
3464|6929|48011041
3465|6931|48038761
3466|6933|48066489
3467|6935|48094225
3468|6937|48121969
3469|6939|48149721
3470|6941|48177481
3471|6943|48205249
3472|6945|48233025
3473|6947|48260809
3474|6949|48288601
3475|6951|48316401
3476|6953|48344209
3477|6955|48372025
3478|6957|48399849
3479|6959|48427681
3480|6961|48455521
3481|6963|48483369
3482|6965|48511225
3483|6967|48539089
3484|6969|48566961
3485|6971|48594841
3486|6973|48622729
3487|6975|48650625
3488|6977|48678529
3489|6979|48706441
3490|6981|48734361
3491|6983|48762289
3492|6985|48790225
3493|6987|48818169
3494|6989|48846121
3495|6991|48874081
3496|6993|48902049
3497|6995|48930025
3498|6997|48958009
3499|6999|48986001
3500|7001|49014001
3501|7003|49042009
3502|7005|49070025
3503|7007|49098049
3504|7009|49126081
3505|7011|49154121
3506|7013|49182169
3507|7015|49210225
3508|7017|49238289
3509|7019|49266361
3510|7021|49294441
3511|7023|49322529
3512|7025|49350625
3513|7027|49378729
3514|7029|49406841
3515|7031|49434961
3516|7033|49463089
3517|7035|49491225
3518|7037|49519369
3519|7039|49547521
3520|7041|49575681
3521|7043|49603849
3522|7045|49632025
3523|7047|49660209
3524|7049|49688401
3525|7051|49716601
3526|7053|49744809
3527|7055|49773025
3528|7057|49801249
3529|7059|49829481
3530|7061|49857721
3531|7063|49885969
3532|7065|49914225
3533|7067|49942489
3534|7069|49970761
3535|7071|49999041
3536|7073|50027329
3537|7075|50055625
3538|7077|50083929
3539|7079|50112241
3540|7081|50140561
3541|7083|50168889
3542|7085|50197225
3543|7087|50225569
3544|7089|50253921
3545|7091|50282281
3546|7093|50310649
3547|7095|50339025
3548|7097|50367409
3549|7099|50395801
3550|7101|50424201
3551|7103|50452609
3552|7105|50481025
3553|7107|50509449
3554|7109|50537881
3555|7111|50566321
3556|7113|50594769
3557|7115|50623225
3558|7117|50651689
3559|7119|50680161
3560|7121|50708641
3561|7123|50737129
3562|7125|50765625
3563|7127|50794129
3564|7129|50822641
3565|7131|50851161
3566|7133|50879689
3567|7135|50908225
3568|7137|50936769
3569|7139|50965321
3570|7141|50993881
3571|7143|51022449
3572|7145|51051025
3573|7147|51079609
3574|7149|51108201
3575|7151|51136801
3576|7153|51165409
3577|7155|51194025
3578|7157|51222649
3579|7159|51251281
3580|7161|51279921
3581|7163|51308569
3582|7165|51337225
3583|7167|51365889
3584|7169|51394561
3585|7171|51423241
3586|7173|51451929
3587|7175|51480625
3588|7177|51509329
3589|7179|51538041
3590|7181|51566761
3591|7183|51595489
3592|7185|51624225
3593|7187|51652969
3594|7189|51681721
3595|7191|51710481
3596|7193|51739249
3597|7195|51768025
3598|7197|51796809
3599|7199|51825601
3600|7201|51854401
3601|7203|51883209
3602|7205|51912025
3603|7207|51940849
3604|7209|51969681
3605|7211|51998521
3606|7213|52027369
3607|7215|52056225
3608|7217|52085089
3609|7219|52113961
3610|7221|52142841
3611|7223|52171729
3612|7225|52200625
3613|7227|52229529
3614|7229|52258441
3615|7231|52287361
3616|7233|52316289
3617|7235|52345225
3618|7237|52374169
3619|7239|52403121
3620|7241|52432081
3621|7243|52461049
3622|7245|52490025
3623|7247|52519009
3624|7249|52548001
3625|7251|52577001
3626|7253|52606009
3627|7255|52635025
3628|7257|52664049
3629|7259|52693081
3630|7261|52722121
3631|7263|52751169
3632|7265|52780225
3633|7267|52809289
3634|7269|52838361
3635|7271|52867441
3636|7273|52896529
3637|7275|52925625
3638|7277|52954729
3639|7279|52983841
3640|7281|53012961
3641|7283|53042089
3642|7285|53071225
3643|7287|53100369
3644|7289|53129521
3645|7291|53158681
3646|7293|53187849
3647|7295|53217025
3648|7297|53246209
3649|7299|53275401
3650|7301|53304601
3651|7303|53333809
3652|7305|53363025
3653|7307|53392249
3654|7309|53421481
3655|7311|53450721
3656|7313|53479969
3657|7315|53509225
3658|7317|53538489
3659|7319|53567761
3660|7321|53597041
3661|7323|53626329
3662|7325|53655625
3663|7327|53684929
3664|7329|53714241
3665|7331|53743561
3666|7333|53772889
3667|7335|53802225
3668|7337|53831569
3669|7339|53860921
3670|7341|53890281
3671|7343|53919649
3672|7345|53949025
3673|7347|53978409
3674|7349|54007801
3675|7351|54037201
3676|7353|54066609
3677|7355|54096025
3678|7357|54125449
3679|7359|54154881
3680|7361|54184321
3681|7363|54213769
3682|7365|54243225
3683|7367|54272689
3684|7369|54302161
3685|7371|54331641
3686|7373|54361129
3687|7375|54390625
3688|7377|54420129
3689|7379|54449641
3690|7381|54479161
3691|7383|54508689
3692|7385|54538225
3693|7387|54567769
3694|7389|54597321
3695|7391|54626881
3696|7393|54656449
3697|7395|54686025
3698|7397|54715609
3699|7399|54745201
3700|7401|54774801
3701|7403|54804409
3702|7405|54834025
3703|7407|54863649
3704|7409|54893281
3705|7411|54922921
3706|7413|54952569
3707|7415|54982225
3708|7417|55011889
3709|7419|55041561
3710|7421|55071241
3711|7423|55100929
3712|7425|55130625
3713|7427|55160329
3714|7429|55190041
3715|7431|55219761
3716|7433|55249489
3717|7435|55279225
3718|7437|55308969
3719|7439|55338721
3720|7441|55368481
3721|7443|55398249
3722|7445|55428025
3723|7447|55457809
3724|7449|55487601
3725|7451|55517401
3726|7453|55547209
3727|7455|55577025
3728|7457|55606849
3729|7459|55636681
3730|7461|55666521
3731|7463|55696369
3732|7465|55726225
3733|7467|55756089
3734|7469|55785961
3735|7471|55815841
3736|7473|55845729
3737|7475|55875625
3738|7477|55905529
3739|7479|55935441
3740|7481|55965361
3741|7483|55995289
3742|7485|56025225
3743|7487|56055169
3744|7489|56085121
3745|7491|56115081
3746|7493|56145049
3747|7495|56175025
3748|7497|56205009
3749|7499|56235001
3750|7501|56265001
3751|7503|56295009
3752|7505|56325025
3753|7507|56355049
3754|7509|56385081
3755|7511|56415121
3756|7513|56445169
3757|7515|56475225
3758|7517|56505289
3759|7519|56535361
3760|7521|56565441
3761|7523|56595529
3762|7525|56625625
3763|7527|56655729
3764|7529|56685841
3765|7531|56715961
3766|7533|56746089
3767|7535|56776225
3768|7537|56806369
3769|7539|56836521
3770|7541|56866681
3771|7543|56896849
3772|7545|56927025
3773|7547|56957209
3774|7549|56987401
3775|7551|57017601
3776|7553|57047809
3777|7555|57078025
3778|7557|57108249
3779|7559|57138481
3780|7561|57168721
3781|7563|57198969
3782|7565|57229225
3783|7567|57259489
3784|7569|57289761
3785|7571|57320041
3786|7573|57350329
3787|7575|57380625
3788|7577|57410929
3789|7579|57441241
3790|7581|57471561
3791|7583|57501889
3792|7585|57532225
3793|7587|57562569
3794|7589|57592921
3795|7591|57623281
3796|7593|57653649
3797|7595|57684025
3798|7597|57714409
3799|7599|57744801
3800|7601|57775201
3801|7603|57805609
3802|7605|57836025
3803|7607|57866449
3804|7609|57896881
3805|7611|57927321
3806|7613|57957769
3807|7615|57988225
3808|7617|58018689
3809|7619|58049161
3810|7621|58079641
3811|7623|58110129
3812|7625|58140625
3813|7627|58171129
3814|7629|58201641
3815|7631|58232161
3816|7633|58262689
3817|7635|58293225
3818|7637|58323769
3819|7639|58354321
3820|7641|58384881
3821|7643|58415449
3822|7645|58446025
3823|7647|58476609
3824|7649|58507201
3825|7651|58537801
3826|7653|58568409
3827|7655|58599025
3828|7657|58629649
3829|7659|58660281
3830|7661|58690921
3831|7663|58721569
3832|7665|58752225
3833|7667|58782889
3834|7669|58813561
3835|7671|58844241
3836|7673|58874929
3837|7675|58905625
3838|7677|58936329
3839|7679|58967041
3840|7681|58997761
3841|7683|59028489
3842|7685|59059225
3843|7687|59089969
3844|7689|59120721
3845|7691|59151481
3846|7693|59182249
3847|7695|59213025
3848|7697|59243809
3849|7699|59274601
3850|7701|59305401
3851|7703|59336209
3852|7705|59367025
3853|7707|59397849
3854|7709|59428681
3855|7711|59459521
3856|7713|59490369
3857|7715|59521225
3858|7717|59552089
3859|7719|59582961
3860|7721|59613841
3861|7723|59644729
3862|7725|59675625
3863|7727|59706529
3864|7729|59737441
3865|7731|59768361
3866|7733|59799289
3867|7735|59830225
3868|7737|59861169
3869|7739|59892121
3870|7741|59923081
3871|7743|59954049
3872|7745|59985025
3873|7747|60016009
3874|7749|60047001
3875|7751|60078001
3876|7753|60109009
3877|7755|60140025
3878|7757|60171049
3879|7759|60202081
3880|7761|60233121
3881|7763|60264169
3882|7765|60295225
3883|7767|60326289
3884|7769|60357361
3885|7771|60388441
3886|7773|60419529
3887|7775|60450625
3888|7777|60481729
3889|7779|60512841
3890|7781|60543961
3891|7783|60575089
3892|7785|60606225
3893|7787|60637369
3894|7789|60668521
3895|7791|60699681
3896|7793|60730849
3897|7795|60762025
3898|7797|60793209
3899|7799|60824401
3900|7801|60855601
3901|7803|60886809
3902|7805|60918025
3903|7807|60949249
3904|7809|60980481
3905|7811|61011721
3906|7813|61042969
3907|7815|61074225
3908|7817|61105489
3909|7819|61136761
3910|7821|61168041
3911|7823|61199329
3912|7825|61230625
3913|7827|61261929
3914|7829|61293241
3915|7831|61324561
3916|7833|61355889
3917|7835|61387225
3918|7837|61418569
3919|7839|61449921
3920|7841|61481281
3921|7843|61512649
3922|7845|61544025
3923|7847|61575409
3924|7849|61606801
3925|7851|61638201
3926|7853|61669609
3927|7855|61701025
3928|7857|61732449
3929|7859|61763881
3930|7861|61795321
3931|7863|61826769
3932|7865|61858225
3933|7867|61889689
3934|7869|61921161
3935|7871|61952641
3936|7873|61984129
3937|7875|62015625
3938|7877|62047129
3939|7879|62078641
3940|7881|62110161
3941|7883|62141689
3942|7885|62173225
3943|7887|62204769
3944|7889|62236321
3945|7891|62267881
3946|7893|62299449
3947|7895|62331025
3948|7897|62362609
3949|7899|62394201
3950|7901|62425801
3951|7903|62457409
3952|7905|62489025
3953|7907|62520649
3954|7909|62552281
3955|7911|62583921
3956|7913|62615569
3957|7915|62647225
3958|7917|62678889
3959|7919|62710561
3960|7921|62742241
3961|7923|62773929
3962|7925|62805625
3963|7927|62837329
3964|7929|62869041
3965|7931|62900761
3966|7933|62932489
3967|7935|62964225
3968|7937|62995969
3969|7939|63027721
3970|7941|63059481
3971|7943|63091249
3972|7945|63123025
3973|7947|63154809
3974|7949|63186601
3975|7951|63218401
3976|7953|63250209
3977|7955|63282025
3978|7957|63313849
3979|7959|63345681
3980|7961|63377521
3981|7963|63409369
3982|7965|63441225
3983|7967|63473089
3984|7969|63504961
3985|7971|63536841
3986|7973|63568729
3987|7975|63600625
3988|7977|63632529
3989|7979|63664441
3990|7981|63696361
3991|7983|63728289
3992|7985|63760225
3993|7987|63792169
3994|7989|63824121
3995|7991|63856081
3996|7993|63888049
3997|7995|63920025
3998|7997|63952009
3999|7999|63984001
4000|8001|64016001
4001|8003|64048009
4002|8005|64080025
4003|8007|64112049
4004|8009|64144081
4005|8011|64176121
4006|8013|64208169
4007|8015|64240225
4008|8017|64272289
4009|8019|64304361
4010|8021|64336441
4011|8023|64368529
4012|8025|64400625
4013|8027|64432729
4014|8029|64464841
4015|8031|64496961
4016|8033|64529089
4017|8035|64561225
4018|8037|64593369
4019|8039|64625521
4020|8041|64657681
4021|8043|64689849
4022|8045|64722025
4023|8047|64754209
4024|8049|64786401
4025|8051|64818601
4026|8053|64850809
4027|8055|64883025
4028|8057|64915249
4029|8059|64947481
4030|8061|64979721
4031|8063|65011969
4032|8065|65044225
4033|8067|65076489
4034|8069|65108761
4035|8071|65141041
4036|8073|65173329
4037|8075|65205625
4038|8077|65237929
4039|8079|65270241
4040|8081|65302561
4041|8083|65334889
4042|8085|65367225
4043|8087|65399569
4044|8089|65431921
4045|8091|65464281
4046|8093|65496649
4047|8095|65529025
4048|8097|65561409
4049|8099|65593801
4050|8101|65626201
4051|8103|65658609
4052|8105|65691025
4053|8107|65723449
4054|8109|65755881
4055|8111|65788321
4056|8113|65820769
4057|8115|65853225
4058|8117|65885689
4059|8119|65918161
4060|8121|65950641
4061|8123|65983129
4062|8125|66015625
4063|8127|66048129
4064|8129|66080641
4065|8131|66113161
4066|8133|66145689
4067|8135|66178225
4068|8137|66210769
4069|8139|66243321
4070|8141|66275881
4071|8143|66308449
4072|8145|66341025
4073|8147|66373609
4074|8149|66406201
4075|8151|66438801
4076|8153|66471409
4077|8155|66504025
4078|8157|66536649
4079|8159|66569281
4080|8161|66601921
4081|8163|66634569
4082|8165|66667225
4083|8167|66699889
4084|8169|66732561
4085|8171|66765241
4086|8173|66797929
4087|8175|66830625
4088|8177|66863329
4089|8179|66896041
4090|8181|66928761
4091|8183|66961489
4092|8185|66994225
4093|8187|67026969
4094|8189|67059721
4095|8191|67092481
4096|8193|67125249
4097|8195|67158025
4098|8197|67190809
4099|8199|67223601
4100|8201|67256401
4101|8203|67289209
4102|8205|67322025
4103|8207|67354849
4104|8209|67387681
4105|8211|67420521
4106|8213|67453369
4107|8215|67486225
4108|8217|67519089
4109|8219|67551961
4110|8221|67584841
4111|8223|67617729
4112|8225|67650625
4113|8227|67683529
4114|8229|67716441
4115|8231|67749361
4116|8233|67782289
4117|8235|67815225
4118|8237|67848169
4119|8239|67881121
4120|8241|67914081
4121|8243|67947049
4122|8245|67980025
4123|8247|68013009
4124|8249|68046001
4125|8251|68079001
4126|8253|68112009
4127|8255|68145025
4128|8257|68178049
4129|8259|68211081
4130|8261|68244121
4131|8263|68277169
4132|8265|68310225
4133|8267|68343289
4134|8269|68376361
4135|8271|68409441
4136|8273|68442529
4137|8275|68475625
4138|8277|68508729
4139|8279|68541841
4140|8281|68574961
4141|8283|68608089
4142|8285|68641225
4143|8287|68674369
4144|8289|68707521
4145|8291|68740681
4146|8293|68773849
4147|8295|68807025
4148|8297|68840209
4149|8299|68873401
4150|8301|68906601
4151|8303|68939809
4152|8305|68973025
4153|8307|69006249
4154|8309|69039481
4155|8311|69072721
4156|8313|69105969
4157|8315|69139225
4158|8317|69172489
4159|8319|69205761
4160|8321|69239041
4161|8323|69272329
4162|8325|69305625
4163|8327|69338929
4164|8329|69372241
4165|8331|69405561
4166|8333|69438889
4167|8335|69472225
4168|8337|69505569
4169|8339|69538921
4170|8341|69572281
4171|8343|69605649
4172|8345|69639025
4173|8347|69672409
4174|8349|69705801
4175|8351|69739201
4176|8353|69772609
4177|8355|69806025
4178|8357|69839449
4179|8359|69872881
4180|8361|69906321
4181|8363|69939769
4182|8365|69973225
4183|8367|70006689
4184|8369|70040161
4185|8371|70073641
4186|8373|70107129
4187|8375|70140625
4188|8377|70174129
4189|8379|70207641
4190|8381|70241161
4191|8383|70274689
4192|8385|70308225
4193|8387|70341769
4194|8389|70375321
4195|8391|70408881
4196|8393|70442449
4197|8395|70476025
4198|8397|70509609
4199|8399|70543201
4200|8401|70576801
4201|8403|70610409
4202|8405|70644025
4203|8407|70677649
4204|8409|70711281
4205|8411|70744921
4206|8413|70778569
4207|8415|70812225
4208|8417|70845889
4209|8419|70879561
4210|8421|70913241
4211|8423|70946929
4212|8425|70980625
4213|8427|71014329
4214|8429|71048041
4215|8431|71081761
4216|8433|71115489
4217|8435|71149225
4218|8437|71182969
4219|8439|71216721
4220|8441|71250481
4221|8443|71284249
4222|8445|71318025
4223|8447|71351809
4224|8449|71385601
4225|8451|71419401
4226|8453|71453209
4227|8455|71487025
4228|8457|71520849
4229|8459|71554681
4230|8461|71588521
4231|8463|71622369
4232|8465|71656225
4233|8467|71690089
4234|8469|71723961
4235|8471|71757841
4236|8473|71791729
4237|8475|71825625
4238|8477|71859529
4239|8479|71893441
4240|8481|71927361
4241|8483|71961289
4242|8485|71995225
4243|8487|72029169
4244|8489|72063121
4245|8491|72097081
4246|8493|72131049
4247|8495|72165025
4248|8497|72199009
4249|8499|72233001
4250|8501|72267001
4251|8503|72301009
4252|8505|72335025
4253|8507|72369049
4254|8509|72403081
4255|8511|72437121
4256|8513|72471169
4257|8515|72505225
4258|8517|72539289
4259|8519|72573361
4260|8521|72607441
4261|8523|72641529
4262|8525|72675625
4263|8527|72709729
4264|8529|72743841
4265|8531|72777961
4266|8533|72812089
4267|8535|72846225
4268|8537|72880369
4269|8539|72914521
4270|8541|72948681
4271|8543|72982849
4272|8545|73017025
4273|8547|73051209
4274|8549|73085401
4275|8551|73119601
4276|8553|73153809
4277|8555|73188025
4278|8557|73222249
4279|8559|73256481
4280|8561|73290721
4281|8563|73324969
4282|8565|73359225
4283|8567|73393489
4284|8569|73427761
4285|8571|73462041
4286|8573|73496329
4287|8575|73530625
4288|8577|73564929
4289|8579|73599241
4290|8581|73633561
4291|8583|73667889
4292|8585|73702225
4293|8587|73736569
4294|8589|73770921
4295|8591|73805281
4296|8593|73839649
4297|8595|73874025
4298|8597|73908409
4299|8599|73942801
4300|8601|73977201
4301|8603|74011609
4302|8605|74046025
4303|8607|74080449
4304|8609|74114881
4305|8611|74149321
4306|8613|74183769
4307|8615|74218225
4308|8617|74252689
4309|8619|74287161
4310|8621|74321641
4311|8623|74356129
4312|8625|74390625
4313|8627|74425129
4314|8629|74459641
4315|8631|74494161
4316|8633|74528689
4317|8635|74563225
4318|8637|74597769
4319|8639|74632321
4320|8641|74666881
4321|8643|74701449
4322|8645|74736025
4323|8647|74770609
4324|8649|74805201
4325|8651|74839801
4326|8653|74874409
4327|8655|74909025
4328|8657|74943649
4329|8659|74978281
4330|8661|75012921
4331|8663|75047569
4332|8665|75082225
4333|8667|75116889
4334|8669|75151561
4335|8671|75186241
4336|8673|75220929
4337|8675|75255625
4338|8677|75290329
4339|8679|75325041
4340|8681|75359761
4341|8683|75394489
4342|8685|75429225
4343|8687|75463969
4344|8689|75498721
4345|8691|75533481
4346|8693|75568249
4347|8695|75603025
4348|8697|75637809
4349|8699|75672601
4350|8701|75707401
4351|8703|75742209
4352|8705|75777025
4353|8707|75811849
4354|8709|75846681
4355|8711|75881521
4356|8713|75916369
4357|8715|75951225
4358|8717|75986089
4359|8719|76020961
4360|8721|76055841
4361|8723|76090729
4362|8725|76125625
4363|8727|76160529
4364|8729|76195441
4365|8731|76230361
4366|8733|76265289
4367|8735|76300225
4368|8737|76335169
4369|8739|76370121
4370|8741|76405081
4371|8743|76440049
4372|8745|76475025
4373|8747|76510009
4374|8749|76545001
4375|8751|76580001
4376|8753|76615009
4377|8755|76650025
4378|8757|76685049
4379|8759|76720081
4380|8761|76755121
4381|8763|76790169
4382|8765|76825225
4383|8767|76860289
4384|8769|76895361
4385|8771|76930441
4386|8773|76965529
4387|8775|77000625
4388|8777|77035729
4389|8779|77070841
4390|8781|77105961
4391|8783|77141089
4392|8785|77176225
4393|8787|77211369
4394|8789|77246521
4395|8791|77281681
4396|8793|77316849
4397|8795|77352025
4398|8797|77387209
4399|8799|77422401
4400|8801|77457601
4401|8803|77492809
4402|8805|77528025
4403|8807|77563249
4404|8809|77598481
4405|8811|77633721
4406|8813|77668969
4407|8815|77704225
4408|8817|77739489
4409|8819|77774761
4410|8821|77810041
4411|8823|77845329
4412|8825|77880625
4413|8827|77915929
4414|8829|77951241
4415|8831|77986561
4416|8833|78021889
4417|8835|78057225
4418|8837|78092569
4419|8839|78127921
4420|8841|78163281
4421|8843|78198649
4422|8845|78234025
4423|8847|78269409
4424|8849|78304801
4425|8851|78340201
4426|8853|78375609
4427|8855|78411025
4428|8857|78446449
4429|8859|78481881
4430|8861|78517321
4431|8863|78552769
4432|8865|78588225
4433|8867|78623689
4434|8869|78659161
4435|8871|78694641
4436|8873|78730129
4437|8875|78765625
4438|8877|78801129
4439|8879|78836641
4440|8881|78872161
4441|8883|78907689
4442|8885|78943225
4443|8887|78978769
4444|8889|79014321
4445|8891|79049881
4446|8893|79085449
4447|8895|79121025
4448|8897|79156609
4449|8899|79192201
4450|8901|79227801
4451|8903|79263409
4452|8905|79299025
4453|8907|79334649
4454|8909|79370281
4455|8911|79405921
4456|8913|79441569
4457|8915|79477225
4458|8917|79512889
4459|8919|79548561
4460|8921|79584241
4461|8923|79619929
4462|8925|79655625
4463|8927|79691329
4464|8929|79727041
4465|8931|79762761
4466|8933|79798489
4467|8935|79834225
4468|8937|79869969
4469|8939|79905721
4470|8941|79941481
4471|8943|79977249
4472|8945|80013025
4473|8947|80048809
4474|8949|80084601
4475|8951|80120401
4476|8953|80156209
4477|8955|80192025
4478|8957|80227849
4479|8959|80263681
4480|8961|80299521
4481|8963|80335369
4482|8965|80371225
4483|8967|80407089
4484|8969|80442961
4485|8971|80478841
4486|8973|80514729
4487|8975|80550625
4488|8977|80586529
4489|8979|80622441
4490|8981|80658361
4491|8983|80694289
4492|8985|80730225
4493|8987|80766169
4494|8989|80802121
4495|8991|80838081
4496|8993|80874049
4497|8995|80910025
4498|8997|80946009
4499|8999|80982001
4500|9001|81018001
4501|9003|81054009
4502|9005|81090025
4503|9007|81126049
4504|9009|81162081
4505|9011|81198121
4506|9013|81234169
4507|9015|81270225
4508|9017|81306289
4509|9019|81342361
4510|9021|81378441
4511|9023|81414529
4512|9025|81450625
4513|9027|81486729
4514|9029|81522841
4515|9031|81558961
4516|9033|81595089
4517|9035|81631225
4518|9037|81667369
4519|9039|81703521
4520|9041|81739681
4521|9043|81775849
4522|9045|81812025
4523|9047|81848209
4524|9049|81884401
4525|9051|81920601
4526|9053|81956809
4527|9055|81993025
4528|9057|82029249
4529|9059|82065481
4530|9061|82101721
4531|9063|82137969
4532|9065|82174225
4533|9067|82210489
4534|9069|82246761
4535|9071|82283041
4536|9073|82319329
4537|9075|82355625
4538|9077|82391929
4539|9079|82428241
4540|9081|82464561
4541|9083|82500889
4542|9085|82537225
4543|9087|82573569
4544|9089|82609921
4545|9091|82646281
4546|9093|82682649
4547|9095|82719025
4548|9097|82755409
4549|9099|82791801
4550|9101|82828201
4551|9103|82864609
4552|9105|82901025
4553|9107|82937449
4554|9109|82973881
4555|9111|83010321
4556|9113|83046769
4557|9115|83083225
4558|9117|83119689
4559|9119|83156161
4560|9121|83192641
4561|9123|83229129
4562|9125|83265625
4563|9127|83302129
4564|9129|83338641
4565|9131|83375161
4566|9133|83411689
4567|9135|83448225
4568|9137|83484769
4569|9139|83521321
4570|9141|83557881
4571|9143|83594449
4572|9145|83631025
4573|9147|83667609
4574|9149|83704201
4575|9151|83740801
4576|9153|83777409
4577|9155|83814025
4578|9157|83850649
4579|9159|83887281
4580|9161|83923921
4581|9163|83960569
4582|9165|83997225
4583|9167|84033889
4584|9169|84070561
4585|9171|84107241
4586|9173|84143929
4587|9175|84180625
4588|9177|84217329
4589|9179|84254041
4590|9181|84290761
4591|9183|84327489
4592|9185|84364225
4593|9187|84400969
4594|9189|84437721
4595|9191|84474481
4596|9193|84511249
4597|9195|84548025
4598|9197|84584809
4599|9199|84621601
4600|9201|84658401
4601|9203|84695209
4602|9205|84732025
4603|9207|84768849
4604|9209|84805681
4605|9211|84842521
4606|9213|84879369
4607|9215|84916225
4608|9217|84953089
4609|9219|84989961
4610|9221|85026841
4611|9223|85063729
4612|9225|85100625
4613|9227|85137529
4614|9229|85174441
4615|9231|85211361
4616|9233|85248289
4617|9235|85285225
4618|9237|85322169
4619|9239|85359121
4620|9241|85396081
4621|9243|85433049
4622|9245|85470025
4623|9247|85507009
4624|9249|85544001
4625|9251|85581001
4626|9253|85618009
4627|9255|85655025
4628|9257|85692049
4629|9259|85729081
4630|9261|85766121
4631|9263|85803169
4632|9265|85840225
4633|9267|85877289
4634|9269|85914361
4635|9271|85951441
4636|9273|85988529
4637|9275|86025625
4638|9277|86062729
4639|9279|86099841
4640|9281|86136961
4641|9283|86174089
4642|9285|86211225
4643|9287|86248369
4644|9289|86285521
4645|9291|86322681
4646|9293|86359849
4647|9295|86397025
4648|9297|86434209
4649|9299|86471401
4650|9301|86508601
4651|9303|86545809
4652|9305|86583025
4653|9307|86620249
4654|9309|86657481
4655|9311|86694721
4656|9313|86731969
4657|9315|86769225
4658|9317|86806489
4659|9319|86843761
4660|9321|86881041
4661|9323|86918329
4662|9325|86955625
4663|9327|86992929
4664|9329|87030241
4665|9331|87067561
4666|9333|87104889
4667|9335|87142225
4668|9337|87179569
4669|9339|87216921
4670|9341|87254281
4671|9343|87291649
4672|9345|87329025
4673|9347|87366409
4674|9349|87403801
4675|9351|87441201
4676|9353|87478609
4677|9355|87516025
4678|9357|87553449
4679|9359|87590881
4680|9361|87628321
4681|9363|87665769
4682|9365|87703225
4683|9367|87740689
4684|9369|87778161
4685|9371|87815641
4686|9373|87853129
4687|9375|87890625
4688|9377|87928129
4689|9379|87965641
4690|9381|88003161
4691|9383|88040689
4692|9385|88078225
4693|9387|88115769
4694|9389|88153321
4695|9391|88190881
4696|9393|88228449
4697|9395|88266025
4698|9397|88303609
4699|9399|88341201
4700|9401|88378801
4701|9403|88416409
4702|9405|88454025
4703|9407|88491649
4704|9409|88529281
4705|9411|88566921
4706|9413|88604569
4707|9415|88642225
4708|9417|88679889
4709|9419|88717561
4710|9421|88755241
4711|9423|88792929
4712|9425|88830625
4713|9427|88868329
4714|9429|88906041
4715|9431|88943761
4716|9433|88981489
4717|9435|89019225
4718|9437|89056969
4719|9439|89094721
4720|9441|89132481
4721|9443|89170249
4722|9445|89208025
4723|9447|89245809
4724|9449|89283601
4725|9451|89321401
4726|9453|89359209
4727|9455|89397025
4728|9457|89434849
4729|9459|89472681
4730|9461|89510521
4731|9463|89548369
4732|9465|89586225
4733|9467|89624089
4734|9469|89661961
4735|9471|89699841
4736|9473|89737729
4737|9475|89775625
4738|9477|89813529
4739|9479|89851441
4740|9481|89889361
4741|9483|89927289
4742|9485|89965225
4743|9487|90003169
4744|9489|90041121
4745|9491|90079081
4746|9493|90117049
4747|9495|90155025
4748|9497|90193009
4749|9499|90231001
4750|9501|90269001
4751|9503|90307009
4752|9505|90345025
4753|9507|90383049
4754|9509|90421081
4755|9511|90459121
4756|9513|90497169
4757|9515|90535225
4758|9517|90573289
4759|9519|90611361
4760|9521|90649441
4761|9523|90687529
4762|9525|90725625
4763|9527|90763729
4764|9529|90801841
4765|9531|90839961
4766|9533|90878089
4767|9535|90916225
4768|9537|90954369
4769|9539|90992521
4770|9541|91030681
4771|9543|91068849
4772|9545|91107025
4773|9547|91145209
4774|9549|91183401
4775|9551|91221601
4776|9553|91259809
4777|9555|91298025
4778|9557|91336249
4779|9559|91374481
4780|9561|91412721
4781|9563|91450969
4782|9565|91489225
4783|9567|91527489
4784|9569|91565761
4785|9571|91604041
4786|9573|91642329
4787|9575|91680625
4788|9577|91718929
4789|9579|91757241
4790|9581|91795561
4791|9583|91833889
4792|9585|91872225
4793|9587|91910569
4794|9589|91948921
4795|9591|91987281
4796|9593|92025649
4797|9595|92064025
4798|9597|92102409
4799|9599|92140801
4800|9601|92179201
4801|9603|92217609
4802|9605|92256025
4803|9607|92294449
4804|9609|92332881
4805|9611|92371321
4806|9613|92409769
4807|9615|92448225
4808|9617|92486689
4809|9619|92525161
4810|9621|92563641
4811|9623|92602129
4812|9625|92640625
4813|9627|92679129
4814|9629|92717641
4815|9631|92756161
4816|9633|92794689
4817|9635|92833225
4818|9637|92871769
4819|9639|92910321
4820|9641|92948881
4821|9643|92987449
4822|9645|93026025
4823|9647|93064609
4824|9649|93103201
4825|9651|93141801
4826|9653|93180409
4827|9655|93219025
4828|9657|93257649
4829|9659|93296281
4830|9661|93334921
4831|9663|93373569
4832|9665|93412225
4833|9667|93450889
4834|9669|93489561
4835|9671|93528241
4836|9673|93566929
4837|9675|93605625
4838|9677|93644329
4839|9679|93683041
4840|9681|93721761
4841|9683|93760489
4842|9685|93799225
4843|9687|93837969
4844|9689|93876721
4845|9691|93915481
4846|9693|93954249
4847|9695|93993025
4848|9697|94031809
4849|9699|94070601
4850|9701|94109401
4851|9703|94148209
4852|9705|94187025
4853|9707|94225849
4854|9709|94264681
4855|9711|94303521
4856|9713|94342369
4857|9715|94381225
4858|9717|94420089
4859|9719|94458961
4860|9721|94497841
4861|9723|94536729
4862|9725|94575625
4863|9727|94614529
4864|9729|94653441
4865|9731|94692361
4866|9733|94731289
4867|9735|94770225
4868|9737|94809169
4869|9739|94848121
4870|9741|94887081
4871|9743|94926049
4872|9745|94965025
4873|9747|95004009
4874|9749|95043001
4875|9751|95082001
4876|9753|95121009
4877|9755|95160025
4878|9757|95199049
4879|9759|95238081
4880|9761|95277121
4881|9763|95316169
4882|9765|95355225
4883|9767|95394289
4884|9769|95433361
4885|9771|95472441
4886|9773|95511529
4887|9775|95550625
4888|9777|95589729
4889|9779|95628841
4890|9781|95667961
4891|9783|95707089
4892|9785|95746225
4893|9787|95785369
4894|9789|95824521
4895|9791|95863681
4896|9793|95902849
4897|9795|95942025
4898|9797|95981209
4899|9799|96020401
4900|9801|96059601
4901|9803|96098809
4902|9805|96138025
4903|9807|96177249
4904|9809|96216481
4905|9811|96255721
4906|9813|96294969
4907|9815|96334225
4908|9817|96373489
4909|9819|96412761
4910|9821|96452041
4911|9823|96491329
4912|9825|96530625
4913|9827|96569929
4914|9829|96609241
4915|9831|96648561
4916|9833|96687889
4917|9835|96727225
4918|9837|96766569
4919|9839|96805921
4920|9841|96845281
4921|9843|96884649
4922|9845|96924025
4923|9847|96963409
4924|9849|97002801
4925|9851|97042201
4926|9853|97081609
4927|9855|97121025
4928|9857|97160449
4929|9859|97199881
4930|9861|97239321
4931|9863|97278769
4932|9865|97318225
4933|9867|97357689
4934|9869|97397161
4935|9871|97436641
4936|9873|97476129
4937|9875|97515625
4938|9877|97555129
4939|9879|97594641
4940|9881|97634161
4941|9883|97673689
4942|9885|97713225
4943|9887|97752769
4944|9889|97792321
4945|9891|97831881
4946|9893|97871449
4947|9895|97911025
4948|9897|97950609
4949|9899|97990201
4950|9901|98029801
4951|9903|98069409
4952|9905|98109025
4953|9907|98148649
4954|9909|98188281
4955|9911|98227921
4956|9913|98267569
4957|9915|98307225
4958|9917|98346889
4959|9919|98386561
4960|9921|98426241
4961|9923|98465929
4962|9925|98505625
4963|9927|98545329
4964|9929|98585041
4965|9931|98624761
4966|9933|98664489
4967|9935|98704225
4968|9937|98743969
4969|9939|98783721
4970|9941|98823481
4971|9943|98863249
4972|9945|98903025
4973|9947|98942809
4974|9949|98982601
4975|9951|99022401
4976|9953|99062209
4977|9955|99102025
4978|9957|99141849
4979|9959|99181681
4980|9961|99221521
4981|9963|99261369
4982|9965|99301225
4983|9967|99341089
4984|9969|99380961
4985|9971|99420841
4986|9973|99460729
4987|9975|99500625
4988|9977|99540529
4989|9979|99580441
4990|9981|99620361
4991|9983|99660289
4992|9985|99700225
4993|9987|99740169
4994|9989|99780121
4995|9991|99820081
4996|9993|99860049
4997|9995|99900025
4998|9997|99940009
4999|9999|99980001
