1|4|16
2|6|36
3|8|64
4|10|100
5|12|144
6|14|196
7|16|256
8|18|324
9|20|400
10|22|484
11|24|576
12|26|676
13|28|784
14|30|900
15|32|1024
16|34|1156
17|36|1296
18|38|1444
19|40|1600
20|42|1764
21|44|1936
22|46|2116
23|48|2304
24|50|2500
25|52|2704
26|54|2916
27|56|3136
28|58|3364
29|60|3600
30|62|3844
31|64|4096
32|66|4356
33|68|4624
34|70|4900
35|72|5184
36|74|5476
37|76|5776
38|78|6084
39|80|6400
40|82|6724
41|84|7056
42|86|7396
43|88|7744
44|90|8100
45|92|8464
46|94|8836
47|96|9216
48|98|9604
49|100|10000
50|102|10404
51|104|10816
52|106|11236
53|108|11664
54|110|12100
55|112|12544
56|114|12996
57|116|13456
58|118|13924
59|120|14400
60|122|14884
61|124|15376
62|126|15876
63|128|16384
64|130|16900
65|132|17424
66|134|17956
67|136|18496
68|138|19044
69|140|19600
70|142|20164
71|144|20736
72|146|21316
73|148|21904
74|150|22500
75|152|23104
76|154|23716
77|156|24336
78|158|24964
79|160|25600
80|162|26244
81|164|26896
82|166|27556
83|168|28224
84|170|28900
85|172|29584
86|174|30276
87|176|30976
88|178|31684
89|180|32400
90|182|33124
91|184|33856
92|186|34596
93|188|35344
94|190|36100
95|192|36864
96|194|37636
97|196|38416
98|198|39204
99|200|40000
100|202|40804
101|204|41616
102|206|42436
103|208|43264
104|210|44100
105|212|44944
106|214|45796
107|216|46656
108|218|47524
109|220|48400
110|222|49284
111|224|50176
112|226|51076
113|228|51984
114|230|52900
115|232|53824
116|234|54756
117|236|55696
118|238|56644
119|240|57600
120|242|58564
121|244|59536
122|246|60516
123|248|61504
124|250|62500
125|252|63504
126|254|64516
127|256|65536
128|258|66564
129|260|67600
130|262|68644
131|264|69696
132|266|70756
133|268|71824
134|270|72900
135|272|73984
136|274|75076
137|276|76176
138|278|77284
139|280|78400
140|282|79524
141|284|80656
142|286|81796
143|288|82944
144|290|84100
145|292|85264
146|294|86436
147|296|87616
148|298|88804
149|300|90000
150|302|91204
151|304|92416
152|306|93636
153|308|94864
154|310|96100
155|312|97344
156|314|98596
157|316|99856
158|318|101124
159|320|102400
160|322|103684
161|324|104976
162|326|106276
163|328|107584
164|330|108900
165|332|110224
166|334|111556
167|336|112896
168|338|114244
169|340|115600
170|342|116964
171|344|118336
172|346|119716
173|348|121104
174|350|122500
175|352|123904
176|354|125316
177|356|126736
178|358|128164
179|360|129600
180|362|131044
181|364|132496
182|366|133956
183|368|135424
184|370|136900
185|372|138384
186|374|139876
187|376|141376
188|378|142884
189|380|144400
190|382|145924
191|384|147456
192|386|148996
193|388|150544
194|390|152100
195|392|153664
196|394|155236
197|396|156816
198|398|158404
199|400|160000
200|402|161604
201|404|163216
202|406|164836
203|408|166464
204|410|168100
205|412|169744
206|414|171396
207|416|173056
208|418|174724
209|420|176400
210|422|178084
211|424|179776
212|426|181476
213|428|183184
214|430|184900
215|432|186624
216|434|188356
217|436|190096
218|438|191844
219|440|193600
220|442|195364
221|444|197136
222|446|198916
223|448|200704
224|450|202500
225|452|204304
226|454|206116
227|456|207936
228|458|209764
229|460|211600
230|462|213444
231|464|215296
232|466|217156
233|468|219024
234|470|220900
235|472|222784
236|474|224676
237|476|226576
238|478|228484
239|480|230400
240|482|232324
241|484|234256
242|486|236196
243|488|238144
244|490|240100
245|492|242064
246|494|244036
247|496|246016
248|498|248004
249|500|250000
250|502|252004
251|504|254016
252|506|256036
253|508|258064
254|510|260100
255|512|262144
256|514|264196
257|516|266256
258|518|268324
259|520|270400
260|522|272484
261|524|274576
262|526|276676
263|528|278784
264|530|280900
265|532|283024
266|534|285156
267|536|287296
268|538|289444
269|540|291600
270|542|293764
271|544|295936
272|546|298116
273|548|300304
274|550|302500
275|552|304704
276|554|306916
277|556|309136
278|558|311364
279|560|313600
280|562|315844
281|564|318096
282|566|320356
283|568|322624
284|570|324900
285|572|327184
286|574|329476
287|576|331776
288|578|334084
289|580|336400
290|582|338724
291|584|341056
292|586|343396
293|588|345744
294|590|348100
295|592|350464
296|594|352836
297|596|355216
298|598|357604
299|600|360000
300|602|362404
301|604|364816
302|606|367236
303|608|369664
304|610|372100
305|612|374544
306|614|376996
307|616|379456
308|618|381924
309|620|384400
310|622|386884
311|624|389376
312|626|391876
313|628|394384
314|630|396900
315|632|399424
316|634|401956
317|636|404496
318|638|407044
319|640|409600
320|642|412164
321|644|414736
322|646|417316
323|648|419904
324|650|422500
325|652|425104
326|654|427716
327|656|430336
328|658|432964
329|660|435600
330|662|438244
331|664|440896
332|666|443556
333|668|446224
334|670|448900
335|672|451584
336|674|454276
337|676|456976
338|678|459684
339|680|462400
340|682|465124
341|684|467856
342|686|470596
343|688|473344
344|690|476100
345|692|478864
346|694|481636
347|696|484416
348|698|487204
349|700|490000
350|702|492804
351|704|495616
352|706|498436
353|708|501264
354|710|504100
355|712|506944
356|714|509796
357|716|512656
358|718|515524
359|720|518400
360|722|521284
361|724|524176
362|726|527076
363|728|529984
364|730|532900
365|732|535824
366|734|538756
367|736|541696
368|738|544644
369|740|547600
370|742|550564
371|744|553536
372|746|556516
373|748|559504
374|750|562500
375|752|565504
376|754|568516
377|756|571536
378|758|574564
379|760|577600
380|762|580644
381|764|583696
382|766|586756
383|768|589824
384|770|592900
385|772|595984
386|774|599076
387|776|602176
388|778|605284
389|780|608400
390|782|611524
391|784|614656
392|786|617796
393|788|620944
394|790|624100
395|792|627264
396|794|630436
397|796|633616
398|798|636804
399|800|640000
400|802|643204
401|804|646416
402|806|649636
403|808|652864
404|810|656100
405|812|659344
406|814|662596
407|816|665856
408|818|669124
409|820|672400
410|822|675684
411|824|678976
412|826|682276
413|828|685584
414|830|688900
415|832|692224
416|834|695556
417|836|698896
418|838|702244
419|840|705600
420|842|708964
421|844|712336
422|846|715716
423|848|719104
424|850|722500
425|852|725904
426|854|729316
427|856|732736
428|858|736164
429|860|739600
430|862|743044
431|864|746496
432|866|749956
433|868|753424
434|870|756900
435|872|760384
436|874|763876
437|876|767376
438|878|770884
439|880|774400
440|882|777924
441|884|781456
442|886|784996
443|888|788544
444|890|792100
445|892|795664
446|894|799236
447|896|802816
448|898|806404
449|900|810000
450|902|813604
451|904|817216
452|906|820836
453|908|824464
454|910|828100
455|912|831744
456|914|835396
457|916|839056
458|918|842724
459|920|846400
460|922|850084
461|924|853776
462|926|857476
463|928|861184
464|930|864900
465|932|868624
466|934|872356
467|936|876096
468|938|879844
469|940|883600
470|942|887364
471|944|891136
472|946|894916
473|948|898704
474|950|902500
475|952|906304
476|954|910116
477|956|913936
478|958|917764
479|960|921600
480|962|925444
481|964|929296
482|966|933156
483|968|937024
484|970|940900
485|972|944784
486|974|948676
487|976|952576
488|978|956484
489|980|960400
490|982|964324
491|984|968256
492|986|972196
493|988|976144
494|990|980100
495|992|984064
496|994|988036
497|996|992016
498|998|996004
499|1000|1000000
500|1002|1004004
501|1004|1008016
502|1006|1012036
503|1008|1016064
504|1010|1020100
505|1012|1024144
506|1014|1028196
507|1016|1032256
508|1018|1036324
509|1020|1040400
510|1022|1044484
511|1024|1048576
512|1026|1052676
513|1028|1056784
514|1030|1060900
515|1032|1065024
516|1034|1069156
517|1036|1073296
518|1038|1077444
519|1040|1081600
520|1042|1085764
521|1044|1089936
522|1046|1094116
523|1048|1098304
524|1050|1102500
525|1052|1106704
526|1054|1110916
527|1056|1115136
528|1058|1119364
529|1060|1123600
530|1062|1127844
531|1064|1132096
532|1066|1136356
533|1068|1140624
534|1070|1144900
535|1072|1149184
536|1074|1153476
537|1076|1157776
538|1078|1162084
539|1080|1166400
540|1082|1170724
541|1084|1175056
542|1086|1179396
543|1088|1183744
544|1090|1188100
545|1092|1192464
546|1094|1196836
547|1096|1201216
548|1098|1205604
549|1100|1210000
550|1102|1214404
551|1104|1218816
552|1106|1223236
553|1108|1227664
554|1110|1232100
555|1112|1236544
556|1114|1240996
557|1116|1245456
558|1118|1249924
559|1120|1254400
560|1122|1258884
561|1124|1263376
562|1126|1267876
563|1128|1272384
564|1130|1276900
565|1132|1281424
566|1134|1285956
567|1136|1290496
568|1138|1295044
569|1140|1299600
570|1142|1304164
571|1144|1308736
572|1146|1313316
573|1148|1317904
574|1150|1322500
575|1152|1327104
576|1154|1331716
577|1156|1336336
578|1158|1340964
579|1160|1345600
580|1162|1350244
581|1164|1354896
582|1166|1359556
583|1168|1364224
584|1170|1368900
585|1172|1373584
586|1174|1378276
587|1176|1382976
588|1178|1387684
589|1180|1392400
590|1182|1397124
591|1184|1401856
592|1186|1406596
593|1188|1411344
594|1190|1416100
595|1192|1420864
596|1194|1425636
597|1196|1430416
598|1198|1435204
599|1200|1440000
600|1202|1444804
601|1204|1449616
602|1206|1454436
603|1208|1459264
604|1210|1464100
605|1212|1468944
606|1214|1473796
607|1216|1478656
608|1218|1483524
609|1220|1488400
610|1222|1493284
611|1224|1498176
612|1226|1503076
613|1228|1507984
614|1230|1512900
615|1232|1517824
616|1234|1522756
617|1236|1527696
618|1238|1532644
619|1240|1537600
620|1242|1542564
621|1244|1547536
622|1246|1552516
623|1248|1557504
624|1250|1562500
625|1252|1567504
626|1254|1572516
627|1256|1577536
628|1258|1582564
629|1260|1587600
630|1262|1592644
631|1264|1597696
632|1266|1602756
633|1268|1607824
634|1270|1612900
635|1272|1617984
636|1274|1623076
637|1276|1628176
638|1278|1633284
639|1280|1638400
640|1282|1643524
641|1284|1648656
642|1286|1653796
643|1288|1658944
644|1290|1664100
645|1292|1669264
646|1294|1674436
647|1296|1679616
648|1298|1684804
649|1300|1690000
650|1302|1695204
651|1304|1700416
652|1306|1705636
653|1308|1710864
654|1310|1716100
655|1312|1721344
656|1314|1726596
657|1316|1731856
658|1318|1737124
659|1320|1742400
660|1322|1747684
661|1324|1752976
662|1326|1758276
663|1328|1763584
664|1330|1768900
665|1332|1774224
666|1334|1779556
667|1336|1784896
668|1338|1790244
669|1340|1795600
670|1342|1800964
671|1344|1806336
672|1346|1811716
673|1348|1817104
674|1350|1822500
675|1352|1827904
676|1354|1833316
677|1356|1838736
678|1358|1844164
679|1360|1849600
680|1362|1855044
681|1364|1860496
682|1366|1865956
683|1368|1871424
684|1370|1876900
685|1372|1882384
686|1374|1887876
687|1376|1893376
688|1378|1898884
689|1380|1904400
690|1382|1909924
691|1384|1915456
692|1386|1920996
693|1388|1926544
694|1390|1932100
695|1392|1937664
696|1394|1943236
697|1396|1948816
698|1398|1954404
699|1400|1960000
700|1402|1965604
701|1404|1971216
702|1406|1976836
703|1408|1982464
704|1410|1988100
705|1412|1993744
706|1414|1999396
707|1416|2005056
708|1418|2010724
709|1420|2016400
710|1422|2022084
711|1424|2027776
712|1426|2033476
713|1428|2039184
714|1430|2044900
715|1432|2050624
716|1434|2056356
717|1436|2062096
718|1438|2067844
719|1440|2073600
720|1442|2079364
721|1444|2085136
722|1446|2090916
723|1448|2096704
724|1450|2102500
725|1452|2108304
726|1454|2114116
727|1456|2119936
728|1458|2125764
729|1460|2131600
730|1462|2137444
731|1464|2143296
732|1466|2149156
733|1468|2155024
734|1470|2160900
735|1472|2166784
736|1474|2172676
737|1476|2178576
738|1478|2184484
739|1480|2190400
740|1482|2196324
741|1484|2202256
742|1486|2208196
743|1488|2214144
744|1490|2220100
745|1492|2226064
746|1494|2232036
747|1496|2238016
748|1498|2244004
749|1500|2250000
750|1502|2256004
751|1504|2262016
752|1506|2268036
753|1508|2274064
754|1510|2280100
755|1512|2286144
756|1514|2292196
757|1516|2298256
758|1518|2304324
759|1520|2310400
760|1522|2316484
761|1524|2322576
762|1526|2328676
763|1528|2334784
764|1530|2340900
765|1532|2347024
766|1534|2353156
767|1536|2359296
768|1538|2365444
769|1540|2371600
770|1542|2377764
771|1544|2383936
772|1546|2390116
773|1548|2396304
774|1550|2402500
775|1552|2408704
776|1554|2414916
777|1556|2421136
778|1558|2427364
779|1560|2433600
780|1562|2439844
781|1564|2446096
782|1566|2452356
783|1568|2458624
784|1570|2464900
785|1572|2471184
786|1574|2477476
787|1576|2483776
788|1578|2490084
789|1580|2496400
790|1582|2502724
791|1584|2509056
792|1586|2515396
793|1588|2521744
794|1590|2528100
795|1592|2534464
796|1594|2540836
797|1596|2547216
798|1598|2553604
799|1600|2560000
800|1602|2566404
801|1604|2572816
802|1606|2579236
803|1608|2585664
804|1610|2592100
805|1612|2598544
806|1614|2604996
807|1616|2611456
808|1618|2617924
809|1620|2624400
810|1622|2630884
811|1624|2637376
812|1626|2643876
813|1628|2650384
814|1630|2656900
815|1632|2663424
816|1634|2669956
817|1636|2676496
818|1638|2683044
819|1640|2689600
820|1642|2696164
821|1644|2702736
822|1646|2709316
823|1648|2715904
824|1650|2722500
825|1652|2729104
826|1654|2735716
827|1656|2742336
828|1658|2748964
829|1660|2755600
830|1662|2762244
831|1664|2768896
832|1666|2775556
833|1668|2782224
834|1670|2788900
835|1672|2795584
836|1674|2802276
837|1676|2808976
838|1678|2815684
839|1680|2822400
840|1682|2829124
841|1684|2835856
842|1686|2842596
843|1688|2849344
844|1690|2856100
845|1692|2862864
846|1694|2869636
847|1696|2876416
848|1698|2883204
849|1700|2890000
850|1702|2896804
851|1704|2903616
852|1706|2910436
853|1708|2917264
854|1710|2924100
855|1712|2930944
856|1714|2937796
857|1716|2944656
858|1718|2951524
859|1720|2958400
860|1722|2965284
861|1724|2972176
862|1726|2979076
863|1728|2985984
864|1730|2992900
865|1732|2999824
866|1734|3006756
867|1736|3013696
868|1738|3020644
869|1740|3027600
870|1742|3034564
871|1744|3041536
872|1746|3048516
873|1748|3055504
874|1750|3062500
875|1752|3069504
876|1754|3076516
877|1756|3083536
878|1758|3090564
879|1760|3097600
880|1762|3104644
881|1764|3111696
882|1766|3118756
883|1768|3125824
884|1770|3132900
885|1772|3139984
886|1774|3147076
887|1776|3154176
888|1778|3161284
889|1780|3168400
890|1782|3175524
891|1784|3182656
892|1786|3189796
893|1788|3196944
894|1790|3204100
895|1792|3211264
896|1794|3218436
897|1796|3225616
898|1798|3232804
899|1800|3240000
900|1802|3247204
901|1804|3254416
902|1806|3261636
903|1808|3268864
904|1810|3276100
905|1812|3283344
906|1814|3290596
907|1816|3297856
908|1818|3305124
909|1820|3312400
910|1822|3319684
911|1824|3326976
912|1826|3334276
913|1828|3341584
914|1830|3348900
915|1832|3356224
916|1834|3363556
917|1836|3370896
918|1838|3378244
919|1840|3385600
920|1842|3392964
921|1844|3400336
922|1846|3407716
923|1848|3415104
924|1850|3422500
925|1852|3429904
926|1854|3437316
927|1856|3444736
928|1858|3452164
929|1860|3459600
930|1862|3467044
931|1864|3474496
932|1866|3481956
933|1868|3489424
934|1870|3496900
935|1872|3504384
936|1874|3511876
937|1876|3519376
938|1878|3526884
939|1880|3534400
940|1882|3541924
941|1884|3549456
942|1886|3556996
943|1888|3564544
944|1890|3572100
945|1892|3579664
946|1894|3587236
947|1896|3594816
948|1898|3602404
949|1900|3610000
950|1902|3617604
951|1904|3625216
952|1906|3632836
953|1908|3640464
954|1910|3648100
955|1912|3655744
956|1914|3663396
957|1916|3671056
958|1918|3678724
959|1920|3686400
960|1922|3694084
961|1924|3701776
962|1926|3709476
963|1928|3717184
964|1930|3724900
965|1932|3732624
966|1934|3740356
967|1936|3748096
968|1938|3755844
969|1940|3763600
970|1942|3771364
971|1944|3779136
972|1946|3786916
973|1948|3794704
974|1950|3802500
975|1952|3810304
976|1954|3818116
977|1956|3825936
978|1958|3833764
979|1960|3841600
980|1962|3849444
981|1964|3857296
982|1966|3865156
983|1968|3873024
984|1970|3880900
985|1972|3888784
986|1974|3896676
987|1976|3904576
988|1978|3912484
989|1980|3920400
990|1982|3928324
991|1984|3936256
992|1986|3944196
993|1988|3952144
994|1990|3960100
995|1992|3968064
996|1994|3976036
997|1996|3984016
998|1998|3992004
999|2000|4000000
1000|2002|4008004
1001|2004|4016016
1002|2006|4024036
1003|2008|4032064
1004|2010|4040100
1005|2012|4048144
1006|2014|4056196
1007|2016|4064256
1008|2018|4072324
1009|2020|4080400
1010|2022|4088484
1011|2024|4096576
1012|2026|4104676
1013|2028|4112784
1014|2030|4120900
1015|2032|4129024
1016|2034|4137156
1017|2036|4145296
1018|2038|4153444
1019|2040|4161600
1020|2042|4169764
1021|2044|4177936
1022|2046|4186116
1023|2048|4194304
1024|2050|4202500
1025|2052|4210704
1026|2054|4218916
1027|2056|4227136
1028|2058|4235364
1029|2060|4243600
1030|2062|4251844
1031|2064|4260096
1032|2066|4268356
1033|2068|4276624
1034|2070|4284900
1035|2072|4293184
1036|2074|4301476
1037|2076|4309776
1038|2078|4318084
1039|2080|4326400
1040|2082|4334724
1041|2084|4343056
1042|2086|4351396
1043|2088|4359744
1044|2090|4368100
1045|2092|4376464
1046|2094|4384836
1047|2096|4393216
1048|2098|4401604
1049|2100|4410000
1050|2102|4418404
1051|2104|4426816
1052|2106|4435236
1053|2108|4443664
1054|2110|4452100
1055|2112|4460544
1056|2114|4468996
1057|2116|4477456
1058|2118|4485924
1059|2120|4494400
1060|2122|4502884
1061|2124|4511376
1062|2126|4519876
1063|2128|4528384
1064|2130|4536900
1065|2132|4545424
1066|2134|4553956
1067|2136|4562496
1068|2138|4571044
1069|2140|4579600
1070|2142|4588164
1071|2144|4596736
1072|2146|4605316
1073|2148|4613904
1074|2150|4622500
1075|2152|4631104
1076|2154|4639716
1077|2156|4648336
1078|2158|4656964
1079|2160|4665600
1080|2162|4674244
1081|2164|4682896
1082|2166|4691556
1083|2168|4700224
1084|2170|4708900
1085|2172|4717584
1086|2174|4726276
1087|2176|4734976
1088|2178|4743684
1089|2180|4752400
1090|2182|4761124
1091|2184|4769856
1092|2186|4778596
1093|2188|4787344
1094|2190|4796100
1095|2192|4804864
1096|2194|4813636
1097|2196|4822416
1098|2198|4831204
1099|2200|4840000
1100|2202|4848804
1101|2204|4857616
1102|2206|4866436
1103|2208|4875264
1104|2210|4884100
1105|2212|4892944
1106|2214|4901796
1107|2216|4910656
1108|2218|4919524
1109|2220|4928400
1110|2222|4937284
1111|2224|4946176
1112|2226|4955076
1113|2228|4963984
1114|2230|4972900
1115|2232|4981824
1116|2234|4990756
1117|2236|4999696
1118|2238|5008644
1119|2240|5017600
1120|2242|5026564
1121|2244|5035536
1122|2246|5044516
1123|2248|5053504
1124|2250|5062500
1125|2252|5071504
1126|2254|5080516
1127|2256|5089536
1128|2258|5098564
1129|2260|5107600
1130|2262|5116644
1131|2264|5125696
1132|2266|5134756
1133|2268|5143824
1134|2270|5152900
1135|2272|5161984
1136|2274|5171076
1137|2276|5180176
1138|2278|5189284
1139|2280|5198400
1140|2282|5207524
1141|2284|5216656
1142|2286|5225796
1143|2288|5234944
1144|2290|5244100
1145|2292|5253264
1146|2294|5262436
1147|2296|5271616
1148|2298|5280804
1149|2300|5290000
1150|2302|5299204
1151|2304|5308416
1152|2306|5317636
1153|2308|5326864
1154|2310|5336100
1155|2312|5345344
1156|2314|5354596
1157|2316|5363856
1158|2318|5373124
1159|2320|5382400
1160|2322|5391684
1161|2324|5400976
1162|2326|5410276
1163|2328|5419584
1164|2330|5428900
1165|2332|5438224
1166|2334|5447556
1167|2336|5456896
1168|2338|5466244
1169|2340|5475600
1170|2342|5484964
1171|2344|5494336
1172|2346|5503716
1173|2348|5513104
1174|2350|5522500
1175|2352|5531904
1176|2354|5541316
1177|2356|5550736
1178|2358|5560164
1179|2360|5569600
1180|2362|5579044
1181|2364|5588496
1182|2366|5597956
1183|2368|5607424
1184|2370|5616900
1185|2372|5626384
1186|2374|5635876
1187|2376|5645376
1188|2378|5654884
1189|2380|5664400
1190|2382|5673924
1191|2384|5683456
1192|2386|5692996
1193|2388|5702544
1194|2390|5712100
1195|2392|5721664
1196|2394|5731236
1197|2396|5740816
1198|2398|5750404
1199|2400|5760000
1200|2402|5769604
1201|2404|5779216
1202|2406|5788836
1203|2408|5798464
1204|2410|5808100
1205|2412|5817744
1206|2414|5827396
1207|2416|5837056
1208|2418|5846724
1209|2420|5856400
1210|2422|5866084
1211|2424|5875776
1212|2426|5885476
1213|2428|5895184
1214|2430|5904900
1215|2432|5914624
1216|2434|5924356
1217|2436|5934096
1218|2438|5943844
1219|2440|5953600
1220|2442|5963364
1221|2444|5973136
1222|2446|5982916
1223|2448|5992704
1224|2450|6002500
1225|2452|6012304
1226|2454|6022116
1227|2456|6031936
1228|2458|6041764
1229|2460|6051600
1230|2462|6061444
1231|2464|6071296
1232|2466|6081156
1233|2468|6091024
1234|2470|6100900
1235|2472|6110784
1236|2474|6120676
1237|2476|6130576
1238|2478|6140484
1239|2480|6150400
1240|2482|6160324
1241|2484|6170256
1242|2486|6180196
1243|2488|6190144
1244|2490|6200100
1245|2492|6210064
1246|2494|6220036
1247|2496|6230016
1248|2498|6240004
1249|2500|6250000
1250|2502|6260004
1251|2504|6270016
1252|2506|6280036
1253|2508|6290064
1254|2510|6300100
1255|2512|6310144
1256|2514|6320196
1257|2516|6330256
1258|2518|6340324
1259|2520|6350400
1260|2522|6360484
1261|2524|6370576
1262|2526|6380676
1263|2528|6390784
1264|2530|6400900
1265|2532|6411024
1266|2534|6421156
1267|2536|6431296
1268|2538|6441444
1269|2540|6451600
1270|2542|6461764
1271|2544|6471936
1272|2546|6482116
1273|2548|6492304
1274|2550|6502500
1275|2552|6512704
1276|2554|6522916
1277|2556|6533136
1278|2558|6543364
1279|2560|6553600
1280|2562|6563844
1281|2564|6574096
1282|2566|6584356
1283|2568|6594624
1284|2570|6604900
1285|2572|6615184
1286|2574|6625476
1287|2576|6635776
1288|2578|6646084
1289|2580|6656400
1290|2582|6666724
1291|2584|6677056
1292|2586|6687396
1293|2588|6697744
1294|2590|6708100
1295|2592|6718464
1296|2594|6728836
1297|2596|6739216
1298|2598|6749604
1299|2600|6760000
1300|2602|6770404
1301|2604|6780816
1302|2606|6791236
1303|2608|6801664
1304|2610|6812100
1305|2612|6822544
1306|2614|6832996
1307|2616|6843456
1308|2618|6853924
1309|2620|6864400
1310|2622|6874884
1311|2624|6885376
1312|2626|6895876
1313|2628|6906384
1314|2630|6916900
1315|2632|6927424
1316|2634|6937956
1317|2636|6948496
1318|2638|6959044
1319|2640|6969600
1320|2642|6980164
1321|2644|6990736
1322|2646|7001316
1323|2648|7011904
1324|2650|7022500
1325|2652|7033104
1326|2654|7043716
1327|2656|7054336
1328|2658|7064964
1329|2660|7075600
1330|2662|7086244
1331|2664|7096896
1332|2666|7107556
1333|2668|7118224
1334|2670|7128900
1335|2672|7139584
1336|2674|7150276
1337|2676|7160976
1338|2678|7171684
1339|2680|7182400
1340|2682|7193124
1341|2684|7203856
1342|2686|7214596
1343|2688|7225344
1344|2690|7236100
1345|2692|7246864
1346|2694|7257636
1347|2696|7268416
1348|2698|7279204
1349|2700|7290000
1350|2702|7300804
1351|2704|7311616
1352|2706|7322436
1353|2708|7333264
1354|2710|7344100
1355|2712|7354944
1356|2714|7365796
1357|2716|7376656
1358|2718|7387524
1359|2720|7398400
1360|2722|7409284
1361|2724|7420176
1362|2726|7431076
1363|2728|7441984
1364|2730|7452900
1365|2732|7463824
1366|2734|7474756
1367|2736|7485696
1368|2738|7496644
1369|2740|7507600
1370|2742|7518564
1371|2744|7529536
1372|2746|7540516
1373|2748|7551504
1374|2750|7562500
1375|2752|7573504
1376|2754|7584516
1377|2756|7595536
1378|2758|7606564
1379|2760|7617600
1380|2762|7628644
1381|2764|7639696
1382|2766|7650756
1383|2768|7661824
1384|2770|7672900
1385|2772|7683984
1386|2774|7695076
1387|2776|7706176
1388|2778|7717284
1389|2780|7728400
1390|2782|7739524
1391|2784|7750656
1392|2786|7761796
1393|2788|7772944
1394|2790|7784100
1395|2792|7795264
1396|2794|7806436
1397|2796|7817616
1398|2798|7828804
1399|2800|7840000
1400|2802|7851204
1401|2804|7862416
1402|2806|7873636
1403|2808|7884864
1404|2810|7896100
1405|2812|7907344
1406|2814|7918596
1407|2816|7929856
1408|2818|7941124
1409|2820|7952400
1410|2822|7963684
1411|2824|7974976
1412|2826|7986276
1413|2828|7997584
1414|2830|8008900
1415|2832|8020224
1416|2834|8031556
1417|2836|8042896
1418|2838|8054244
1419|2840|8065600
1420|2842|8076964
1421|2844|8088336
1422|2846|8099716
1423|2848|8111104
1424|2850|8122500
1425|2852|8133904
1426|2854|8145316
1427|2856|8156736
1428|2858|8168164
1429|2860|8179600
1430|2862|8191044
1431|2864|8202496
1432|2866|8213956
1433|2868|8225424
1434|2870|8236900
1435|2872|8248384
1436|2874|8259876
1437|2876|8271376
1438|2878|8282884
1439|2880|8294400
1440|2882|8305924
1441|2884|8317456
1442|2886|8328996
1443|2888|8340544
1444|2890|8352100
1445|2892|8363664
1446|2894|8375236
1447|2896|8386816
1448|2898|8398404
1449|2900|8410000
1450|2902|8421604
1451|2904|8433216
1452|2906|8444836
1453|2908|8456464
1454|2910|8468100
1455|2912|8479744
1456|2914|8491396
1457|2916|8503056
1458|2918|8514724
1459|2920|8526400
1460|2922|8538084
1461|2924|8549776
1462|2926|8561476
1463|2928|8573184
1464|2930|8584900
1465|2932|8596624
1466|2934|8608356
1467|2936|8620096
1468|2938|8631844
1469|2940|8643600
1470|2942|8655364
1471|2944|8667136
1472|2946|8678916
1473|2948|8690704
1474|2950|8702500
1475|2952|8714304
1476|2954|8726116
1477|2956|8737936
1478|2958|8749764
1479|2960|8761600
1480|2962|8773444
1481|2964|8785296
1482|2966|8797156
1483|2968|8809024
1484|2970|8820900
1485|2972|8832784
1486|2974|8844676
1487|2976|8856576
1488|2978|8868484
1489|2980|8880400
1490|2982|8892324
1491|2984|8904256
1492|2986|8916196
1493|2988|8928144
1494|2990|8940100
1495|2992|8952064
1496|2994|8964036
1497|2996|8976016
1498|2998|8988004
1499|3000|9000000
1500|3002|9012004
1501|3004|9024016
1502|3006|9036036
1503|3008|9048064
1504|3010|9060100
1505|3012|9072144
1506|3014|9084196
1507|3016|9096256
1508|3018|9108324
1509|3020|9120400
1510|3022|9132484
1511|3024|9144576
1512|3026|9156676
1513|3028|9168784
1514|3030|9180900
1515|3032|9193024
1516|3034|9205156
1517|3036|9217296
1518|3038|9229444
1519|3040|9241600
1520|3042|9253764
1521|3044|9265936
1522|3046|9278116
1523|3048|9290304
1524|3050|9302500
1525|3052|9314704
1526|3054|9326916
1527|3056|9339136
1528|3058|9351364
1529|3060|9363600
1530|3062|9375844
1531|3064|9388096
1532|3066|9400356
1533|3068|9412624
1534|3070|9424900
1535|3072|9437184
1536|3074|9449476
1537|3076|9461776
1538|3078|9474084
1539|3080|9486400
1540|3082|9498724
1541|3084|9511056
1542|3086|9523396
1543|3088|9535744
1544|3090|9548100
1545|3092|9560464
1546|3094|9572836
1547|3096|9585216
1548|3098|9597604
1549|3100|9610000
1550|3102|9622404
1551|3104|9634816
1552|3106|9647236
1553|3108|9659664
1554|3110|9672100
1555|3112|9684544
1556|3114|9696996
1557|3116|9709456
1558|3118|9721924
1559|3120|9734400
1560|3122|9746884
1561|3124|9759376
1562|3126|9771876
1563|3128|9784384
1564|3130|9796900
1565|3132|9809424
1566|3134|9821956
1567|3136|9834496
1568|3138|9847044
1569|3140|9859600
1570|3142|9872164
1571|3144|9884736
1572|3146|9897316
1573|3148|9909904
1574|3150|9922500
1575|3152|9935104
1576|3154|9947716
1577|3156|9960336
1578|3158|9972964
1579|3160|9985600
1580|3162|9998244
1581|3164|10010896
1582|3166|10023556
1583|3168|10036224
1584|3170|10048900
1585|3172|10061584
1586|3174|10074276
1587|3176|10086976
1588|3178|10099684
1589|3180|10112400
1590|3182|10125124
1591|3184|10137856
1592|3186|10150596
1593|3188|10163344
1594|3190|10176100
1595|3192|10188864
1596|3194|10201636
1597|3196|10214416
1598|3198|10227204
1599|3200|10240000
1600|3202|10252804
1601|3204|10265616
1602|3206|10278436
1603|3208|10291264
1604|3210|10304100
1605|3212|10316944
1606|3214|10329796
1607|3216|10342656
1608|3218|10355524
1609|3220|10368400
1610|3222|10381284
1611|3224|10394176
1612|3226|10407076
1613|3228|10419984
1614|3230|10432900
1615|3232|10445824
1616|3234|10458756
1617|3236|10471696
1618|3238|10484644
1619|3240|10497600
1620|3242|10510564
1621|3244|10523536
1622|3246|10536516
1623|3248|10549504
1624|3250|10562500
1625|3252|10575504
1626|3254|10588516
1627|3256|10601536
1628|3258|10614564
1629|3260|10627600
1630|3262|10640644
1631|3264|10653696
1632|3266|10666756
1633|3268|10679824
1634|3270|10692900
1635|3272|10705984
1636|3274|10719076
1637|3276|10732176
1638|3278|10745284
1639|3280|10758400
1640|3282|10771524
1641|3284|10784656
1642|3286|10797796
1643|3288|10810944
1644|3290|10824100
1645|3292|10837264
1646|3294|10850436
1647|3296|10863616
1648|3298|10876804
1649|3300|10890000
1650|3302|10903204
1651|3304|10916416
1652|3306|10929636
1653|3308|10942864
1654|3310|10956100
1655|3312|10969344
1656|3314|10982596
1657|3316|10995856
1658|3318|11009124
1659|3320|11022400
1660|3322|11035684
1661|3324|11048976
1662|3326|11062276
1663|3328|11075584
1664|3330|11088900
1665|3332|11102224
1666|3334|11115556
1667|3336|11128896
1668|3338|11142244
1669|3340|11155600
1670|3342|11168964
1671|3344|11182336
1672|3346|11195716
1673|3348|11209104
1674|3350|11222500
1675|3352|11235904
1676|3354|11249316
1677|3356|11262736
1678|3358|11276164
1679|3360|11289600
1680|3362|11303044
1681|3364|11316496
1682|3366|11329956
1683|3368|11343424
1684|3370|11356900
1685|3372|11370384
1686|3374|11383876
1687|3376|11397376
1688|3378|11410884
1689|3380|11424400
1690|3382|11437924
1691|3384|11451456
1692|3386|11464996
1693|3388|11478544
1694|3390|11492100
1695|3392|11505664
1696|3394|11519236
1697|3396|11532816
1698|3398|11546404
1699|3400|11560000
1700|3402|11573604
1701|3404|11587216
1702|3406|11600836
1703|3408|11614464
1704|3410|11628100
1705|3412|11641744
1706|3414|11655396
1707|3416|11669056
1708|3418|11682724
1709|3420|11696400
1710|3422|11710084
1711|3424|11723776
1712|3426|11737476
1713|3428|11751184
1714|3430|11764900
1715|3432|11778624
1716|3434|11792356
1717|3436|11806096
1718|3438|11819844
1719|3440|11833600
1720|3442|11847364
1721|3444|11861136
1722|3446|11874916
1723|3448|11888704
1724|3450|11902500
1725|3452|11916304
1726|3454|11930116
1727|3456|11943936
1728|3458|11957764
1729|3460|11971600
1730|3462|11985444
1731|3464|11999296
1732|3466|12013156
1733|3468|12027024
1734|3470|12040900
1735|3472|12054784
1736|3474|12068676
1737|3476|12082576
1738|3478|12096484
1739|3480|12110400
1740|3482|12124324
1741|3484|12138256
1742|3486|12152196
1743|3488|12166144
1744|3490|12180100
1745|3492|12194064
1746|3494|12208036
1747|3496|12222016
1748|3498|12236004
1749|3500|12250000
1750|3502|12264004
1751|3504|12278016
1752|3506|12292036
1753|3508|12306064
1754|3510|12320100
1755|3512|12334144
1756|3514|12348196
1757|3516|12362256
1758|3518|12376324
1759|3520|12390400
1760|3522|12404484
1761|3524|12418576
1762|3526|12432676
1763|3528|12446784
1764|3530|12460900
1765|3532|12475024
1766|3534|12489156
1767|3536|12503296
1768|3538|12517444
1769|3540|12531600
1770|3542|12545764
1771|3544|12559936
1772|3546|12574116
1773|3548|12588304
1774|3550|12602500
1775|3552|12616704
1776|3554|12630916
1777|3556|12645136
1778|3558|12659364
1779|3560|12673600
1780|3562|12687844
1781|3564|12702096
1782|3566|12716356
1783|3568|12730624
1784|3570|12744900
1785|3572|12759184
1786|3574|12773476
1787|3576|12787776
1788|3578|12802084
1789|3580|12816400
1790|3582|12830724
1791|3584|12845056
1792|3586|12859396
1793|3588|12873744
1794|3590|12888100
1795|3592|12902464
1796|3594|12916836
1797|3596|12931216
1798|3598|12945604
1799|3600|12960000
1800|3602|12974404
1801|3604|12988816
1802|3606|13003236
1803|3608|13017664
1804|3610|13032100
1805|3612|13046544
1806|3614|13060996
1807|3616|13075456
1808|3618|13089924
1809|3620|13104400
1810|3622|13118884
1811|3624|13133376
1812|3626|13147876
1813|3628|13162384
1814|3630|13176900
1815|3632|13191424
1816|3634|13205956
1817|3636|13220496
1818|3638|13235044
1819|3640|13249600
1820|3642|13264164
1821|3644|13278736
1822|3646|13293316
1823|3648|13307904
1824|3650|13322500
1825|3652|13337104
1826|3654|13351716
1827|3656|13366336
1828|3658|13380964
1829|3660|13395600
1830|3662|13410244
1831|3664|13424896
1832|3666|13439556
1833|3668|13454224
1834|3670|13468900
1835|3672|13483584
1836|3674|13498276
1837|3676|13512976
1838|3678|13527684
1839|3680|13542400
1840|3682|13557124
1841|3684|13571856
1842|3686|13586596
1843|3688|13601344
1844|3690|13616100
1845|3692|13630864
1846|3694|13645636
1847|3696|13660416
1848|3698|13675204
1849|3700|13690000
1850|3702|13704804
1851|3704|13719616
1852|3706|13734436
1853|3708|13749264
1854|3710|13764100
1855|3712|13778944
1856|3714|13793796
1857|3716|13808656
1858|3718|13823524
1859|3720|13838400
1860|3722|13853284
1861|3724|13868176
1862|3726|13883076
1863|3728|13897984
1864|3730|13912900
1865|3732|13927824
1866|3734|13942756
1867|3736|13957696
1868|3738|13972644
1869|3740|13987600
1870|3742|14002564
1871|3744|14017536
1872|3746|14032516
1873|3748|14047504
1874|3750|14062500
1875|3752|14077504
1876|3754|14092516
1877|3756|14107536
1878|3758|14122564
1879|3760|14137600
1880|3762|14152644
1881|3764|14167696
1882|3766|14182756
1883|3768|14197824
1884|3770|14212900
1885|3772|14227984
1886|3774|14243076
1887|3776|14258176
1888|3778|14273284
1889|3780|14288400
1890|3782|14303524
1891|3784|14318656
1892|3786|14333796
1893|3788|14348944
1894|3790|14364100
1895|3792|14379264
1896|3794|14394436
1897|3796|14409616
1898|3798|14424804
1899|3800|14440000
1900|3802|14455204
1901|3804|14470416
1902|3806|14485636
1903|3808|14500864
1904|3810|14516100
1905|3812|14531344
1906|3814|14546596
1907|3816|14561856
1908|3818|14577124
1909|3820|14592400
1910|3822|14607684
1911|3824|14622976
1912|3826|14638276
1913|3828|14653584
1914|3830|14668900
1915|3832|14684224
1916|3834|14699556
1917|3836|14714896
1918|3838|14730244
1919|3840|14745600
1920|3842|14760964
1921|3844|14776336
1922|3846|14791716
1923|3848|14807104
1924|3850|14822500
1925|3852|14837904
1926|3854|14853316
1927|3856|14868736
1928|3858|14884164
1929|3860|14899600
1930|3862|14915044
1931|3864|14930496
1932|3866|14945956
1933|3868|14961424
1934|3870|14976900
1935|3872|14992384
1936|3874|15007876
1937|3876|15023376
1938|3878|15038884
1939|3880|15054400
1940|3882|15069924
1941|3884|15085456
1942|3886|15100996
1943|3888|15116544
1944|3890|15132100
1945|3892|15147664
1946|3894|15163236
1947|3896|15178816
1948|3898|15194404
1949|3900|15210000
1950|3902|15225604
1951|3904|15241216
1952|3906|15256836
1953|3908|15272464
1954|3910|15288100
1955|3912|15303744
1956|3914|15319396
1957|3916|15335056
1958|3918|15350724
1959|3920|15366400
1960|3922|15382084
1961|3924|15397776
1962|3926|15413476
1963|3928|15429184
1964|3930|15444900
1965|3932|15460624
1966|3934|15476356
1967|3936|15492096
1968|3938|15507844
1969|3940|15523600
1970|3942|15539364
1971|3944|15555136
1972|3946|15570916
1973|3948|15586704
1974|3950|15602500
1975|3952|15618304
1976|3954|15634116
1977|3956|15649936
1978|3958|15665764
1979|3960|15681600
1980|3962|15697444
1981|3964|15713296
1982|3966|15729156
1983|3968|15745024
1984|3970|15760900
1985|3972|15776784
1986|3974|15792676
1987|3976|15808576
1988|3978|15824484
1989|3980|15840400
1990|3982|15856324
1991|3984|15872256
1992|3986|15888196
1993|3988|15904144
1994|3990|15920100
1995|3992|15936064
1996|3994|15952036
1997|3996|15968016
1998|3998|15984004
1999|4000|16000000
2000|4002|16016004
2001|4004|16032016
2002|4006|16048036
2003|4008|16064064
2004|4010|16080100
2005|4012|16096144
2006|4014|16112196
2007|4016|16128256
2008|4018|16144324
2009|4020|16160400
2010|4022|16176484
2011|4024|16192576
2012|4026|16208676
2013|4028|16224784
2014|4030|16240900
2015|4032|16257024
2016|4034|16273156
2017|4036|16289296
2018|4038|16305444
2019|4040|16321600
2020|4042|16337764
2021|4044|16353936
2022|4046|16370116
2023|4048|16386304
2024|4050|16402500
2025|4052|16418704
2026|4054|16434916
2027|4056|16451136
2028|4058|16467364
2029|4060|16483600
2030|4062|16499844
2031|4064|16516096
2032|4066|16532356
2033|4068|16548624
2034|4070|16564900
2035|4072|16581184
2036|4074|16597476
2037|4076|16613776
2038|4078|16630084
2039|4080|16646400
2040|4082|16662724
2041|4084|16679056
2042|4086|16695396
2043|4088|16711744
2044|4090|16728100
2045|4092|16744464
2046|4094|16760836
2047|4096|16777216
2048|4098|16793604
2049|4100|16810000
2050|4102|16826404
2051|4104|16842816
2052|4106|16859236
2053|4108|16875664
2054|4110|16892100
2055|4112|16908544
2056|4114|16924996
2057|4116|16941456
2058|4118|16957924
2059|4120|16974400
2060|4122|16990884
2061|4124|17007376
2062|4126|17023876
2063|4128|17040384
2064|4130|17056900
2065|4132|17073424
2066|4134|17089956
2067|4136|17106496
2068|4138|17123044
2069|4140|17139600
2070|4142|17156164
2071|4144|17172736
2072|4146|17189316
2073|4148|17205904
2074|4150|17222500
2075|4152|17239104
2076|4154|17255716
2077|4156|17272336
2078|4158|17288964
2079|4160|17305600
2080|4162|17322244
2081|4164|17338896
2082|4166|17355556
2083|4168|17372224
2084|4170|17388900
2085|4172|17405584
2086|4174|17422276
2087|4176|17438976
2088|4178|17455684
2089|4180|17472400
2090|4182|17489124
2091|4184|17505856
2092|4186|17522596
2093|4188|17539344
2094|4190|17556100
2095|4192|17572864
2096|4194|17589636
2097|4196|17606416
2098|4198|17623204
2099|4200|17640000
2100|4202|17656804
2101|4204|17673616
2102|4206|17690436
2103|4208|17707264
2104|4210|17724100
2105|4212|17740944
2106|4214|17757796
2107|4216|17774656
2108|4218|17791524
2109|4220|17808400
2110|4222|17825284
2111|4224|17842176
2112|4226|17859076
2113|4228|17875984
2114|4230|17892900
2115|4232|17909824
2116|4234|17926756
2117|4236|17943696
2118|4238|17960644
2119|4240|17977600
2120|4242|17994564
2121|4244|18011536
2122|4246|18028516
2123|4248|18045504
2124|4250|18062500
2125|4252|18079504
2126|4254|18096516
2127|4256|18113536
2128|4258|18130564
2129|4260|18147600
2130|4262|18164644
2131|4264|18181696
2132|4266|18198756
2133|4268|18215824
2134|4270|18232900
2135|4272|18249984
2136|4274|18267076
2137|4276|18284176
2138|4278|18301284
2139|4280|18318400
2140|4282|18335524
2141|4284|18352656
2142|4286|18369796
2143|4288|18386944
2144|4290|18404100
2145|4292|18421264
2146|4294|18438436
2147|4296|18455616
2148|4298|18472804
2149|4300|18490000
2150|4302|18507204
2151|4304|18524416
2152|4306|18541636
2153|4308|18558864
2154|4310|18576100
2155|4312|18593344
2156|4314|18610596
2157|4316|18627856
2158|4318|18645124
2159|4320|18662400
2160|4322|18679684
2161|4324|18696976
2162|4326|18714276
2163|4328|18731584
2164|4330|18748900
2165|4332|18766224
2166|4334|18783556
2167|4336|18800896
2168|4338|18818244
2169|4340|18835600
2170|4342|18852964
2171|4344|18870336
2172|4346|18887716
2173|4348|18905104
2174|4350|18922500
2175|4352|18939904
2176|4354|18957316
2177|4356|18974736
2178|4358|18992164
2179|4360|19009600
2180|4362|19027044
2181|4364|19044496
2182|4366|19061956
2183|4368|19079424
2184|4370|19096900
2185|4372|19114384
2186|4374|19131876
2187|4376|19149376
2188|4378|19166884
2189|4380|19184400
2190|4382|19201924
2191|4384|19219456
2192|4386|19236996
2193|4388|19254544
2194|4390|19272100
2195|4392|19289664
2196|4394|19307236
2197|4396|19324816
2198|4398|19342404
2199|4400|19360000
2200|4402|19377604
2201|4404|19395216
2202|4406|19412836
2203|4408|19430464
2204|4410|19448100
2205|4412|19465744
2206|4414|19483396
2207|4416|19501056
2208|4418|19518724
2209|4420|19536400
2210|4422|19554084
2211|4424|19571776
2212|4426|19589476
2213|4428|19607184
2214|4430|19624900
2215|4432|19642624
2216|4434|19660356
2217|4436|19678096
2218|4438|19695844
2219|4440|19713600
2220|4442|19731364
2221|4444|19749136
2222|4446|19766916
2223|4448|19784704
2224|4450|19802500
2225|4452|19820304
2226|4454|19838116
2227|4456|19855936
2228|4458|19873764
2229|4460|19891600
2230|4462|19909444
2231|4464|19927296
2232|4466|19945156
2233|4468|19963024
2234|4470|19980900
2235|4472|19998784
2236|4474|20016676
2237|4476|20034576
2238|4478|20052484
2239|4480|20070400
2240|4482|20088324
2241|4484|20106256
2242|4486|20124196
2243|4488|20142144
2244|4490|20160100
2245|4492|20178064
2246|4494|20196036
2247|4496|20214016
2248|4498|20232004
2249|4500|20250000
2250|4502|20268004
2251|4504|20286016
2252|4506|20304036
2253|4508|20322064
2254|4510|20340100
2255|4512|20358144
2256|4514|20376196
2257|4516|20394256
2258|4518|20412324
2259|4520|20430400
2260|4522|20448484
2261|4524|20466576
2262|4526|20484676
2263|4528|20502784
2264|4530|20520900
2265|4532|20539024
2266|4534|20557156
2267|4536|20575296
2268|4538|20593444
2269|4540|20611600
2270|4542|20629764
2271|4544|20647936
2272|4546|20666116
2273|4548|20684304
2274|4550|20702500
2275|4552|20720704
2276|4554|20738916
2277|4556|20757136
2278|4558|20775364
2279|4560|20793600
2280|4562|20811844
2281|4564|20830096
2282|4566|20848356
2283|4568|20866624
2284|4570|20884900
2285|4572|20903184
2286|4574|20921476
2287|4576|20939776
2288|4578|20958084
2289|4580|20976400
2290|4582|20994724
2291|4584|21013056
2292|4586|21031396
2293|4588|21049744
2294|4590|21068100
2295|4592|21086464
2296|4594|21104836
2297|4596|21123216
2298|4598|21141604
2299|4600|21160000
2300|4602|21178404
2301|4604|21196816
2302|4606|21215236
2303|4608|21233664
2304|4610|21252100
2305|4612|21270544
2306|4614|21288996
2307|4616|21307456
2308|4618|21325924
2309|4620|21344400
2310|4622|21362884
2311|4624|21381376
2312|4626|21399876
2313|4628|21418384
2314|4630|21436900
2315|4632|21455424
2316|4634|21473956
2317|4636|21492496
2318|4638|21511044
2319|4640|21529600
2320|4642|21548164
2321|4644|21566736
2322|4646|21585316
2323|4648|21603904
2324|4650|21622500
2325|4652|21641104
2326|4654|21659716
2327|4656|21678336
2328|4658|21696964
2329|4660|21715600
2330|4662|21734244
2331|4664|21752896
2332|4666|21771556
2333|4668|21790224
2334|4670|21808900
2335|4672|21827584
2336|4674|21846276
2337|4676|21864976
2338|4678|21883684
2339|4680|21902400
2340|4682|21921124
2341|4684|21939856
2342|4686|21958596
2343|4688|21977344
2344|4690|21996100
2345|4692|22014864
2346|4694|22033636
2347|4696|22052416
2348|4698|22071204
2349|4700|22090000
2350|4702|22108804
2351|4704|22127616
2352|4706|22146436
2353|4708|22165264
2354|4710|22184100
2355|4712|22202944
2356|4714|22221796
2357|4716|22240656
2358|4718|22259524
2359|4720|22278400
2360|4722|22297284
2361|4724|22316176
2362|4726|22335076
2363|4728|22353984
2364|4730|22372900
2365|4732|22391824
2366|4734|22410756
2367|4736|22429696
2368|4738|22448644
2369|4740|22467600
2370|4742|22486564
2371|4744|22505536
2372|4746|22524516
2373|4748|22543504
2374|4750|22562500
2375|4752|22581504
2376|4754|22600516
2377|4756|22619536
2378|4758|22638564
2379|4760|22657600
2380|4762|22676644
2381|4764|22695696
2382|4766|22714756
2383|4768|22733824
2384|4770|22752900
2385|4772|22771984
2386|4774|22791076
2387|4776|22810176
2388|4778|22829284
2389|4780|22848400
2390|4782|22867524
2391|4784|22886656
2392|4786|22905796
2393|4788|22924944
2394|4790|22944100
2395|4792|22963264
2396|4794|22982436
2397|4796|23001616
2398|4798|23020804
2399|4800|23040000
2400|4802|23059204
2401|4804|23078416
2402|4806|23097636
2403|4808|23116864
2404|4810|23136100
2405|4812|23155344
2406|4814|23174596
2407|4816|23193856
2408|4818|23213124
2409|4820|23232400
2410|4822|23251684
2411|4824|23270976
2412|4826|23290276
2413|4828|23309584
2414|4830|23328900
2415|4832|23348224
2416|4834|23367556
2417|4836|23386896
2418|4838|23406244
2419|4840|23425600
2420|4842|23444964
2421|4844|23464336
2422|4846|23483716
2423|4848|23503104
2424|4850|23522500
2425|4852|23541904
2426|4854|23561316
2427|4856|23580736
2428|4858|23600164
2429|4860|23619600
2430|4862|23639044
2431|4864|23658496
2432|4866|23677956
2433|4868|23697424
2434|4870|23716900
2435|4872|23736384
2436|4874|23755876
2437|4876|23775376
2438|4878|23794884
2439|4880|23814400
2440|4882|23833924
2441|4884|23853456
2442|4886|23872996
2443|4888|23892544
2444|4890|23912100
2445|4892|23931664
2446|4894|23951236
2447|4896|23970816
2448|4898|23990404
2449|4900|24010000
2450|4902|24029604
2451|4904|24049216
2452|4906|24068836
2453|4908|24088464
2454|4910|24108100
2455|4912|24127744
2456|4914|24147396
2457|4916|24167056
2458|4918|24186724
2459|4920|24206400
2460|4922|24226084
2461|4924|24245776
2462|4926|24265476
2463|4928|24285184
2464|4930|24304900
2465|4932|24324624
2466|4934|24344356
2467|4936|24364096
2468|4938|24383844
2469|4940|24403600
2470|4942|24423364
2471|4944|24443136
2472|4946|24462916
2473|4948|24482704
2474|4950|24502500
2475|4952|24522304
2476|4954|24542116
2477|4956|24561936
2478|4958|24581764
2479|4960|24601600
2480|4962|24621444
2481|4964|24641296
2482|4966|24661156
2483|4968|24681024
2484|4970|24700900
2485|4972|24720784
2486|4974|24740676
2487|4976|24760576
2488|4978|24780484
2489|4980|24800400
2490|4982|24820324
2491|4984|24840256
2492|4986|24860196
2493|4988|24880144
2494|4990|24900100
2495|4992|24920064
2496|4994|24940036
2497|4996|24960016
2498|4998|24980004
2499|5000|25000000
2500|5002|25020004
2501|5004|25040016
2502|5006|25060036
2503|5008|25080064
2504|5010|25100100
2505|5012|25120144
2506|5014|25140196
2507|5016|25160256
2508|5018|25180324
2509|5020|25200400
2510|5022|25220484
2511|5024|25240576
2512|5026|25260676
2513|5028|25280784
2514|5030|25300900
2515|5032|25321024
2516|5034|25341156
2517|5036|25361296
2518|5038|25381444
2519|5040|25401600
2520|5042|25421764
2521|5044|25441936
2522|5046|25462116
2523|5048|25482304
2524|5050|25502500
2525|5052|25522704
2526|5054|25542916
2527|5056|25563136
2528|5058|25583364
2529|5060|25603600
2530|5062|25623844
2531|5064|25644096
2532|5066|25664356
2533|5068|25684624
2534|5070|25704900
2535|5072|25725184
2536|5074|25745476
2537|5076|25765776
2538|5078|25786084
2539|5080|25806400
2540|5082|25826724
2541|5084|25847056
2542|5086|25867396
2543|5088|25887744
2544|5090|25908100
2545|5092|25928464
2546|5094|25948836
2547|5096|25969216
2548|5098|25989604
2549|5100|26010000
2550|5102|26030404
2551|5104|26050816
2552|5106|26071236
2553|5108|26091664
2554|5110|26112100
2555|5112|26132544
2556|5114|26152996
2557|5116|26173456
2558|5118|26193924
2559|5120|26214400
2560|5122|26234884
2561|5124|26255376
2562|5126|26275876
2563|5128|26296384
2564|5130|26316900
2565|5132|26337424
2566|5134|26357956
2567|5136|26378496
2568|5138|26399044
2569|5140|26419600
2570|5142|26440164
2571|5144|26460736
2572|5146|26481316
2573|5148|26501904
2574|5150|26522500
2575|5152|26543104
2576|5154|26563716
2577|5156|26584336
2578|5158|26604964
2579|5160|26625600
2580|5162|26646244
2581|5164|26666896
2582|5166|26687556
2583|5168|26708224
2584|5170|26728900
2585|5172|26749584
2586|5174|26770276
2587|5176|26790976
2588|5178|26811684
2589|5180|26832400
2590|5182|26853124
2591|5184|26873856
2592|5186|26894596
2593|5188|26915344
2594|5190|26936100
2595|5192|26956864
2596|5194|26977636
2597|5196|26998416
2598|5198|27019204
2599|5200|27040000
2600|5202|27060804
2601|5204|27081616
2602|5206|27102436
2603|5208|27123264
2604|5210|27144100
2605|5212|27164944
2606|5214|27185796
2607|5216|27206656
2608|5218|27227524
2609|5220|27248400
2610|5222|27269284
2611|5224|27290176
2612|5226|27311076
2613|5228|27331984
2614|5230|27352900
2615|5232|27373824
2616|5234|27394756
2617|5236|27415696
2618|5238|27436644
2619|5240|27457600
2620|5242|27478564
2621|5244|27499536
2622|5246|27520516
2623|5248|27541504
2624|5250|27562500
2625|5252|27583504
2626|5254|27604516
2627|5256|27625536
2628|5258|27646564
2629|5260|27667600
2630|5262|27688644
2631|5264|27709696
2632|5266|27730756
2633|5268|27751824
2634|5270|27772900
2635|5272|27793984
2636|5274|27815076
2637|5276|27836176
2638|5278|27857284
2639|5280|27878400
2640|5282|27899524
2641|5284|27920656
2642|5286|27941796
2643|5288|27962944
2644|5290|27984100
2645|5292|28005264
2646|5294|28026436
2647|5296|28047616
2648|5298|28068804
2649|5300|28090000
2650|5302|28111204
2651|5304|28132416
2652|5306|28153636
2653|5308|28174864
2654|5310|28196100
2655|5312|28217344
2656|5314|28238596
2657|5316|28259856
2658|5318|28281124
2659|5320|28302400
2660|5322|28323684
2661|5324|28344976
2662|5326|28366276
2663|5328|28387584
2664|5330|28408900
2665|5332|28430224
2666|5334|28451556
2667|5336|28472896
2668|5338|28494244
2669|5340|28515600
2670|5342|28536964
2671|5344|28558336
2672|5346|28579716
2673|5348|28601104
2674|5350|28622500
2675|5352|28643904
2676|5354|28665316
2677|5356|28686736
2678|5358|28708164
2679|5360|28729600
2680|5362|28751044
2681|5364|28772496
2682|5366|28793956
2683|5368|28815424
2684|5370|28836900
2685|5372|28858384
2686|5374|28879876
2687|5376|28901376
2688|5378|28922884
2689|5380|28944400
2690|5382|28965924
2691|5384|28987456
2692|5386|29008996
2693|5388|29030544
2694|5390|29052100
2695|5392|29073664
2696|5394|29095236
2697|5396|29116816
2698|5398|29138404
2699|5400|29160000
2700|5402|29181604
2701|5404|29203216
2702|5406|29224836
2703|5408|29246464
2704|5410|29268100
2705|5412|29289744
2706|5414|29311396
2707|5416|29333056
2708|5418|29354724
2709|5420|29376400
2710|5422|29398084
2711|5424|29419776
2712|5426|29441476
2713|5428|29463184
2714|5430|29484900
2715|5432|29506624
2716|5434|29528356
2717|5436|29550096
2718|5438|29571844
2719|5440|29593600
2720|5442|29615364
2721|5444|29637136
2722|5446|29658916
2723|5448|29680704
2724|5450|29702500
2725|5452|29724304
2726|5454|29746116
2727|5456|29767936
2728|5458|29789764
2729|5460|29811600
2730|5462|29833444
2731|5464|29855296
2732|5466|29877156
2733|5468|29899024
2734|5470|29920900
2735|5472|29942784
2736|5474|29964676
2737|5476|29986576
2738|5478|30008484
2739|5480|30030400
2740|5482|30052324
2741|5484|30074256
2742|5486|30096196
2743|5488|30118144
2744|5490|30140100
2745|5492|30162064
2746|5494|30184036
2747|5496|30206016
2748|5498|30228004
2749|5500|30250000
2750|5502|30272004
2751|5504|30294016
2752|5506|30316036
2753|5508|30338064
2754|5510|30360100
2755|5512|30382144
2756|5514|30404196
2757|5516|30426256
2758|5518|30448324
2759|5520|30470400
2760|5522|30492484
2761|5524|30514576
2762|5526|30536676
2763|5528|30558784
2764|5530|30580900
2765|5532|30603024
2766|5534|30625156
2767|5536|30647296
2768|5538|30669444
2769|5540|30691600
2770|5542|30713764
2771|5544|30735936
2772|5546|30758116
2773|5548|30780304
2774|5550|30802500
2775|5552|30824704
2776|5554|30846916
2777|5556|30869136
2778|5558|30891364
2779|5560|30913600
2780|5562|30935844
2781|5564|30958096
2782|5566|30980356
2783|5568|31002624
2784|5570|31024900
2785|5572|31047184
2786|5574|31069476
2787|5576|31091776
2788|5578|31114084
2789|5580|31136400
2790|5582|31158724
2791|5584|31181056
2792|5586|31203396
2793|5588|31225744
2794|5590|31248100
2795|5592|31270464
2796|5594|31292836
2797|5596|31315216
2798|5598|31337604
2799|5600|31360000
2800|5602|31382404
2801|5604|31404816
2802|5606|31427236
2803|5608|31449664
2804|5610|31472100
2805|5612|31494544
2806|5614|31516996
2807|5616|31539456
2808|5618|31561924
2809|5620|31584400
2810|5622|31606884
2811|5624|31629376
2812|5626|31651876
2813|5628|31674384
2814|5630|31696900
2815|5632|31719424
2816|5634|31741956
2817|5636|31764496
2818|5638|31787044
2819|5640|31809600
2820|5642|31832164
2821|5644|31854736
2822|5646|31877316
2823|5648|31899904
2824|5650|31922500
2825|5652|31945104
2826|5654|31967716
2827|5656|31990336
2828|5658|32012964
2829|5660|32035600
2830|5662|32058244
2831|5664|32080896
2832|5666|32103556
2833|5668|32126224
2834|5670|32148900
2835|5672|32171584
2836|5674|32194276
2837|5676|32216976
2838|5678|32239684
2839|5680|32262400
2840|5682|32285124
2841|5684|32307856
2842|5686|32330596
2843|5688|32353344
2844|5690|32376100
2845|5692|32398864
2846|5694|32421636
2847|5696|32444416
2848|5698|32467204
2849|5700|32490000
2850|5702|32512804
2851|5704|32535616
2852|5706|32558436
2853|5708|32581264
2854|5710|32604100
2855|5712|32626944
2856|5714|32649796
2857|5716|32672656
2858|5718|32695524
2859|5720|32718400
2860|5722|32741284
2861|5724|32764176
2862|5726|32787076
2863|5728|32809984
2864|5730|32832900
2865|5732|32855824
2866|5734|32878756
2867|5736|32901696
2868|5738|32924644
2869|5740|32947600
2870|5742|32970564
2871|5744|32993536
2872|5746|33016516
2873|5748|33039504
2874|5750|33062500
2875|5752|33085504
2876|5754|33108516
2877|5756|33131536
2878|5758|33154564
2879|5760|33177600
2880|5762|33200644
2881|5764|33223696
2882|5766|33246756
2883|5768|33269824
2884|5770|33292900
2885|5772|33315984
2886|5774|33339076
2887|5776|33362176
2888|5778|33385284
2889|5780|33408400
2890|5782|33431524
2891|5784|33454656
2892|5786|33477796
2893|5788|33500944
2894|5790|33524100
2895|5792|33547264
2896|5794|33570436
2897|5796|33593616
2898|5798|33616804
2899|5800|33640000
2900|5802|33663204
2901|5804|33686416
2902|5806|33709636
2903|5808|33732864
2904|5810|33756100
2905|5812|33779344
2906|5814|33802596
2907|5816|33825856
2908|5818|33849124
2909|5820|33872400
2910|5822|33895684
2911|5824|33918976
2912|5826|33942276
2913|5828|33965584
2914|5830|33988900
2915|5832|34012224
2916|5834|34035556
2917|5836|34058896
2918|5838|34082244
2919|5840|34105600
2920|5842|34128964
2921|5844|34152336
2922|5846|34175716
2923|5848|34199104
2924|5850|34222500
2925|5852|34245904
2926|5854|34269316
2927|5856|34292736
2928|5858|34316164
2929|5860|34339600
2930|5862|34363044
2931|5864|34386496
2932|5866|34409956
2933|5868|34433424
2934|5870|34456900
2935|5872|34480384
2936|5874|34503876
2937|5876|34527376
2938|5878|34550884
2939|5880|34574400
2940|5882|34597924
2941|5884|34621456
2942|5886|34644996
2943|5888|34668544
2944|5890|34692100
2945|5892|34715664
2946|5894|34739236
2947|5896|34762816
2948|5898|34786404
2949|5900|34810000
2950|5902|34833604
2951|5904|34857216
2952|5906|34880836
2953|5908|34904464
2954|5910|34928100
2955|5912|34951744
2956|5914|34975396
2957|5916|34999056
2958|5918|35022724
2959|5920|35046400
2960|5922|35070084
2961|5924|35093776
2962|5926|35117476
2963|5928|35141184
2964|5930|35164900
2965|5932|35188624
2966|5934|35212356
2967|5936|35236096
2968|5938|35259844
2969|5940|35283600
2970|5942|35307364
2971|5944|35331136
2972|5946|35354916
2973|5948|35378704
2974|5950|35402500
2975|5952|35426304
2976|5954|35450116
2977|5956|35473936
2978|5958|35497764
2979|5960|35521600
2980|5962|35545444
2981|5964|35569296
2982|5966|35593156
2983|5968|35617024
2984|5970|35640900
2985|5972|35664784
2986|5974|35688676
2987|5976|35712576
2988|5978|35736484
2989|5980|35760400
2990|5982|35784324
2991|5984|35808256
2992|5986|35832196
2993|5988|35856144
2994|5990|35880100
2995|5992|35904064
2996|5994|35928036
2997|5996|35952016
2998|5998|35976004
2999|6000|36000000
3000|6002|36024004
3001|6004|36048016
3002|6006|36072036
3003|6008|36096064
3004|6010|36120100
3005|6012|36144144
3006|6014|36168196
3007|6016|36192256
3008|6018|36216324
3009|6020|36240400
3010|6022|36264484
3011|6024|36288576
3012|6026|36312676
3013|6028|36336784
3014|6030|36360900
3015|6032|36385024
3016|6034|36409156
3017|6036|36433296
3018|6038|36457444
3019|6040|36481600
3020|6042|36505764
3021|6044|36529936
3022|6046|36554116
3023|6048|36578304
3024|6050|36602500
3025|6052|36626704
3026|6054|36650916
3027|6056|36675136
3028|6058|36699364
3029|6060|36723600
3030|6062|36747844
3031|6064|36772096
3032|6066|36796356
3033|6068|36820624
3034|6070|36844900
3035|6072|36869184
3036|6074|36893476
3037|6076|36917776
3038|6078|36942084
3039|6080|36966400
3040|6082|36990724
3041|6084|37015056
3042|6086|37039396
3043|6088|37063744
3044|6090|37088100
3045|6092|37112464
3046|6094|37136836
3047|6096|37161216
3048|6098|37185604
3049|6100|37210000
3050|6102|37234404
3051|6104|37258816
3052|6106|37283236
3053|6108|37307664
3054|6110|37332100
3055|6112|37356544
3056|6114|37380996
3057|6116|37405456
3058|6118|37429924
3059|6120|37454400
3060|6122|37478884
3061|6124|37503376
3062|6126|37527876
3063|6128|37552384
3064|6130|37576900
3065|6132|37601424
3066|6134|37625956
3067|6136|37650496
3068|6138|37675044
3069|6140|37699600
3070|6142|37724164
3071|6144|37748736
3072|6146|37773316
3073|6148|37797904
3074|6150|37822500
3075|6152|37847104
3076|6154|37871716
3077|6156|37896336
3078|6158|37920964
3079|6160|37945600
3080|6162|37970244
3081|6164|37994896
3082|6166|38019556
3083|6168|38044224
3084|6170|38068900
3085|6172|38093584
3086|6174|38118276
3087|6176|38142976
3088|6178|38167684
3089|6180|38192400
3090|6182|38217124
3091|6184|38241856
3092|6186|38266596
3093|6188|38291344
3094|6190|38316100
3095|6192|38340864
3096|6194|38365636
3097|6196|38390416
3098|6198|38415204
3099|6200|38440000
3100|6202|38464804
3101|6204|38489616
3102|6206|38514436
3103|6208|38539264
3104|6210|38564100
3105|6212|38588944
3106|6214|38613796
3107|6216|38638656
3108|6218|38663524
3109|6220|38688400
3110|6222|38713284
3111|6224|38738176
3112|6226|38763076
3113|6228|38787984
3114|6230|38812900
3115|6232|38837824
3116|6234|38862756
3117|6236|38887696
3118|6238|38912644
3119|6240|38937600
3120|6242|38962564
3121|6244|38987536
3122|6246|39012516
3123|6248|39037504
3124|6250|39062500
3125|6252|39087504
3126|6254|39112516
3127|6256|39137536
3128|6258|39162564
3129|6260|39187600
3130|6262|39212644
3131|6264|39237696
3132|6266|39262756
3133|6268|39287824
3134|6270|39312900
3135|6272|39337984
3136|6274|39363076
3137|6276|39388176
3138|6278|39413284
3139|6280|39438400
3140|6282|39463524
3141|6284|39488656
3142|6286|39513796
3143|6288|39538944
3144|6290|39564100
3145|6292|39589264
3146|6294|39614436
3147|6296|39639616
3148|6298|39664804
3149|6300|39690000
3150|6302|39715204
3151|6304|39740416
3152|6306|39765636
3153|6308|39790864
3154|6310|39816100
3155|6312|39841344
3156|6314|39866596
3157|6316|39891856
3158|6318|39917124
3159|6320|39942400
3160|6322|39967684
3161|6324|39992976
3162|6326|40018276
3163|6328|40043584
3164|6330|40068900
3165|6332|40094224
3166|6334|40119556
3167|6336|40144896
3168|6338|40170244
3169|6340|40195600
3170|6342|40220964
3171|6344|40246336
3172|6346|40271716
3173|6348|40297104
3174|6350|40322500
3175|6352|40347904
3176|6354|40373316
3177|6356|40398736
3178|6358|40424164
3179|6360|40449600
3180|6362|40475044
3181|6364|40500496
3182|6366|40525956
3183|6368|40551424
3184|6370|40576900
3185|6372|40602384
3186|6374|40627876
3187|6376|40653376
3188|6378|40678884
3189|6380|40704400
3190|6382|40729924
3191|6384|40755456
3192|6386|40780996
3193|6388|40806544
3194|6390|40832100
3195|6392|40857664
3196|6394|40883236
3197|6396|40908816
3198|6398|40934404
3199|6400|40960000
3200|6402|40985604
3201|6404|41011216
3202|6406|41036836
3203|6408|41062464
3204|6410|41088100
3205|6412|41113744
3206|6414|41139396
3207|6416|41165056
3208|6418|41190724
3209|6420|41216400
3210|6422|41242084
3211|6424|41267776
3212|6426|41293476
3213|6428|41319184
3214|6430|41344900
3215|6432|41370624
3216|6434|41396356
3217|6436|41422096
3218|6438|41447844
3219|6440|41473600
3220|6442|41499364
3221|6444|41525136
3222|6446|41550916
3223|6448|41576704
3224|6450|41602500
3225|6452|41628304
3226|6454|41654116
3227|6456|41679936
3228|6458|41705764
3229|6460|41731600
3230|6462|41757444
3231|6464|41783296
3232|6466|41809156
3233|6468|41835024
3234|6470|41860900
3235|6472|41886784
3236|6474|41912676
3237|6476|41938576
3238|6478|41964484
3239|6480|41990400
3240|6482|42016324
3241|6484|42042256
3242|6486|42068196
3243|6488|42094144
3244|6490|42120100
3245|6492|42146064
3246|6494|42172036
3247|6496|42198016
3248|6498|42224004
3249|6500|42250000
3250|6502|42276004
3251|6504|42302016
3252|6506|42328036
3253|6508|42354064
3254|6510|42380100
3255|6512|42406144
3256|6514|42432196
3257|6516|42458256
3258|6518|42484324
3259|6520|42510400
3260|6522|42536484
3261|6524|42562576
3262|6526|42588676
3263|6528|42614784
3264|6530|42640900
3265|6532|42667024
3266|6534|42693156
3267|6536|42719296
3268|6538|42745444
3269|6540|42771600
3270|6542|42797764
3271|6544|42823936
3272|6546|42850116
3273|6548|42876304
3274|6550|42902500
3275|6552|42928704
3276|6554|42954916
3277|6556|42981136
3278|6558|43007364
3279|6560|43033600
3280|6562|43059844
3281|6564|43086096
3282|6566|43112356
3283|6568|43138624
3284|6570|43164900
3285|6572|43191184
3286|6574|43217476
3287|6576|43243776
3288|6578|43270084
3289|6580|43296400
3290|6582|43322724
3291|6584|43349056
3292|6586|43375396
3293|6588|43401744
3294|6590|43428100
3295|6592|43454464
3296|6594|43480836
3297|6596|43507216
3298|6598|43533604
3299|6600|43560000
3300|6602|43586404
3301|6604|43612816
3302|6606|43639236
3303|6608|43665664
3304|6610|43692100
3305|6612|43718544
3306|6614|43744996
3307|6616|43771456
3308|6618|43797924
3309|6620|43824400
3310|6622|43850884
3311|6624|43877376
3312|6626|43903876
3313|6628|43930384
3314|6630|43956900
3315|6632|43983424
3316|6634|44009956
3317|6636|44036496
3318|6638|44063044
3319|6640|44089600
3320|6642|44116164
3321|6644|44142736
3322|6646|44169316
3323|6648|44195904
3324|6650|44222500
3325|6652|44249104
3326|6654|44275716
3327|6656|44302336
3328|6658|44328964
3329|6660|44355600
3330|6662|44382244
3331|6664|44408896
3332|6666|44435556
3333|6668|44462224
3334|6670|44488900
3335|6672|44515584
3336|6674|44542276
3337|6676|44568976
3338|6678|44595684
3339|6680|44622400
3340|6682|44649124
3341|6684|44675856
3342|6686|44702596
3343|6688|44729344
3344|6690|44756100
3345|6692|44782864
3346|6694|44809636
3347|6696|44836416
3348|6698|44863204
3349|6700|44890000
3350|6702|44916804
3351|6704|44943616
3352|6706|44970436
3353|6708|44997264
3354|6710|45024100
3355|6712|45050944
3356|6714|45077796
3357|6716|45104656
3358|6718|45131524
3359|6720|45158400
3360|6722|45185284
3361|6724|45212176
3362|6726|45239076
3363|6728|45265984
3364|6730|45292900
3365|6732|45319824
3366|6734|45346756
3367|6736|45373696
3368|6738|45400644
3369|6740|45427600
3370|6742|45454564
3371|6744|45481536
3372|6746|45508516
3373|6748|45535504
3374|6750|45562500
3375|6752|45589504
3376|6754|45616516
3377|6756|45643536
3378|6758|45670564
3379|6760|45697600
3380|6762|45724644
3381|6764|45751696
3382|6766|45778756
3383|6768|45805824
3384|6770|45832900
3385|6772|45859984
3386|6774|45887076
3387|6776|45914176
3388|6778|45941284
3389|6780|45968400
3390|6782|45995524
3391|6784|46022656
3392|6786|46049796
3393|6788|46076944
3394|6790|46104100
3395|6792|46131264
3396|6794|46158436
3397|6796|46185616
3398|6798|46212804
3399|6800|46240000
3400|6802|46267204
3401|6804|46294416
3402|6806|46321636
3403|6808|46348864
3404|6810|46376100
3405|6812|46403344
3406|6814|46430596
3407|6816|46457856
3408|6818|46485124
3409|6820|46512400
3410|6822|46539684
3411|6824|46566976
3412|6826|46594276
3413|6828|46621584
3414|6830|46648900
3415|6832|46676224
3416|6834|46703556
3417|6836|46730896
3418|6838|46758244
3419|6840|46785600
3420|6842|46812964
3421|6844|46840336
3422|6846|46867716
3423|6848|46895104
3424|6850|46922500
3425|6852|46949904
3426|6854|46977316
3427|6856|47004736
3428|6858|47032164
3429|6860|47059600
3430|6862|47087044
3431|6864|47114496
3432|6866|47141956
3433|6868|47169424
3434|6870|47196900
3435|6872|47224384
3436|6874|47251876
3437|6876|47279376
3438|6878|47306884
3439|6880|47334400
3440|6882|47361924
3441|6884|47389456
3442|6886|47416996
3443|6888|47444544
3444|6890|47472100
3445|6892|47499664
3446|6894|47527236
3447|6896|47554816
3448|6898|47582404
3449|6900|47610000
3450|6902|47637604
3451|6904|47665216
3452|6906|47692836
3453|6908|47720464
3454|6910|47748100
3455|6912|47775744
3456|6914|47803396
3457|6916|47831056
3458|6918|47858724
3459|6920|47886400
3460|6922|47914084
3461|6924|47941776
3462|6926|47969476
3463|6928|47997184
3464|6930|48024900
3465|6932|48052624
3466|6934|48080356
3467|6936|48108096
3468|6938|48135844
3469|6940|48163600
3470|6942|48191364
3471|6944|48219136
3472|6946|48246916
3473|6948|48274704
3474|6950|48302500
3475|6952|48330304
3476|6954|48358116
3477|6956|48385936
3478|6958|48413764
3479|6960|48441600
3480|6962|48469444
3481|6964|48497296
3482|6966|48525156
3483|6968|48553024
3484|6970|48580900
3485|6972|48608784
3486|6974|48636676
3487|6976|48664576
3488|6978|48692484
3489|6980|48720400
3490|6982|48748324
3491|6984|48776256
3492|6986|48804196
3493|6988|48832144
3494|6990|48860100
3495|6992|48888064
3496|6994|48916036
3497|6996|48944016
3498|6998|48972004
3499|7000|49000000
3500|7002|49028004
3501|7004|49056016
3502|7006|49084036
3503|7008|49112064
3504|7010|49140100
3505|7012|49168144
3506|7014|49196196
3507|7016|49224256
3508|7018|49252324
3509|7020|49280400
3510|7022|49308484
3511|7024|49336576
3512|7026|49364676
3513|7028|49392784
3514|7030|49420900
3515|7032|49449024
3516|7034|49477156
3517|7036|49505296
3518|7038|49533444
3519|7040|49561600
3520|7042|49589764
3521|7044|49617936
3522|7046|49646116
3523|7048|49674304
3524|7050|49702500
3525|7052|49730704
3526|7054|49758916
3527|7056|49787136
3528|7058|49815364
3529|7060|49843600
3530|7062|49871844
3531|7064|49900096
3532|7066|49928356
3533|7068|49956624
3534|7070|49984900
3535|7072|50013184
3536|7074|50041476
3537|7076|50069776
3538|7078|50098084
3539|7080|50126400
3540|7082|50154724
3541|7084|50183056
3542|7086|50211396
3543|7088|50239744
3544|7090|50268100
3545|7092|50296464
3546|7094|50324836
3547|7096|50353216
3548|7098|50381604
3549|7100|50410000
3550|7102|50438404
3551|7104|50466816
3552|7106|50495236
3553|7108|50523664
3554|7110|50552100
3555|7112|50580544
3556|7114|50608996
3557|7116|50637456
3558|7118|50665924
3559|7120|50694400
3560|7122|50722884
3561|7124|50751376
3562|7126|50779876
3563|7128|50808384
3564|7130|50836900
3565|7132|50865424
3566|7134|50893956
3567|7136|50922496
3568|7138|50951044
3569|7140|50979600
3570|7142|51008164
3571|7144|51036736
3572|7146|51065316
3573|7148|51093904
3574|7150|51122500
3575|7152|51151104
3576|7154|51179716
3577|7156|51208336
3578|7158|51236964
3579|7160|51265600
3580|7162|51294244
3581|7164|51322896
3582|7166|51351556
3583|7168|51380224
3584|7170|51408900
3585|7172|51437584
3586|7174|51466276
3587|7176|51494976
3588|7178|51523684
3589|7180|51552400
3590|7182|51581124
3591|7184|51609856
3592|7186|51638596
3593|7188|51667344
3594|7190|51696100
3595|7192|51724864
3596|7194|51753636
3597|7196|51782416
3598|7198|51811204
3599|7200|51840000
3600|7202|51868804
3601|7204|51897616
3602|7206|51926436
3603|7208|51955264
3604|7210|51984100
3605|7212|52012944
3606|7214|52041796
3607|7216|52070656
3608|7218|52099524
3609|7220|52128400
3610|7222|52157284
3611|7224|52186176
3612|7226|52215076
3613|7228|52243984
3614|7230|52272900
3615|7232|52301824
3616|7234|52330756
3617|7236|52359696
3618|7238|52388644
3619|7240|52417600
3620|7242|52446564
3621|7244|52475536
3622|7246|52504516
3623|7248|52533504
3624|7250|52562500
3625|7252|52591504
3626|7254|52620516
3627|7256|52649536
3628|7258|52678564
3629|7260|52707600
3630|7262|52736644
3631|7264|52765696
3632|7266|52794756
3633|7268|52823824
3634|7270|52852900
3635|7272|52881984
3636|7274|52911076
3637|7276|52940176
3638|7278|52969284
3639|7280|52998400
3640|7282|53027524
3641|7284|53056656
3642|7286|53085796
3643|7288|53114944
3644|7290|53144100
3645|7292|53173264
3646|7294|53202436
3647|7296|53231616
3648|7298|53260804
3649|7300|53290000
3650|7302|53319204
3651|7304|53348416
3652|7306|53377636
3653|7308|53406864
3654|7310|53436100
3655|7312|53465344
3656|7314|53494596
3657|7316|53523856
3658|7318|53553124
3659|7320|53582400
3660|7322|53611684
3661|7324|53640976
3662|7326|53670276
3663|7328|53699584
3664|7330|53728900
3665|7332|53758224
3666|7334|53787556
3667|7336|53816896
3668|7338|53846244
3669|7340|53875600
3670|7342|53904964
3671|7344|53934336
3672|7346|53963716
3673|7348|53993104
3674|7350|54022500
3675|7352|54051904
3676|7354|54081316
3677|7356|54110736
3678|7358|54140164
3679|7360|54169600
3680|7362|54199044
3681|7364|54228496
3682|7366|54257956
3683|7368|54287424
3684|7370|54316900
3685|7372|54346384
3686|7374|54375876
3687|7376|54405376
3688|7378|54434884
3689|7380|54464400
3690|7382|54493924
3691|7384|54523456
3692|7386|54552996
3693|7388|54582544
3694|7390|54612100
3695|7392|54641664
3696|7394|54671236
3697|7396|54700816
3698|7398|54730404
3699|7400|54760000
3700|7402|54789604
3701|7404|54819216
3702|7406|54848836
3703|7408|54878464
3704|7410|54908100
3705|7412|54937744
3706|7414|54967396
3707|7416|54997056
3708|7418|55026724
3709|7420|55056400
3710|7422|55086084
3711|7424|55115776
3712|7426|55145476
3713|7428|55175184
3714|7430|55204900
3715|7432|55234624
3716|7434|55264356
3717|7436|55294096
3718|7438|55323844
3719|7440|55353600
3720|7442|55383364
3721|7444|55413136
3722|7446|55442916
3723|7448|55472704
3724|7450|55502500
3725|7452|55532304
3726|7454|55562116
3727|7456|55591936
3728|7458|55621764
3729|7460|55651600
3730|7462|55681444
3731|7464|55711296
3732|7466|55741156
3733|7468|55771024
3734|7470|55800900
3735|7472|55830784
3736|7474|55860676
3737|7476|55890576
3738|7478|55920484
3739|7480|55950400
3740|7482|55980324
3741|7484|56010256
3742|7486|56040196
3743|7488|56070144
3744|7490|56100100
3745|7492|56130064
3746|7494|56160036
3747|7496|56190016
3748|7498|56220004
3749|7500|56250000
3750|7502|56280004
3751|7504|56310016
3752|7506|56340036
3753|7508|56370064
3754|7510|56400100
3755|7512|56430144
3756|7514|56460196
3757|7516|56490256
3758|7518|56520324
3759|7520|56550400
3760|7522|56580484
3761|7524|56610576
3762|7526|56640676
3763|7528|56670784
3764|7530|56700900
3765|7532|56731024
3766|7534|56761156
3767|7536|56791296
3768|7538|56821444
3769|7540|56851600
3770|7542|56881764
3771|7544|56911936
3772|7546|56942116
3773|7548|56972304
3774|7550|57002500
3775|7552|57032704
3776|7554|57062916
3777|7556|57093136
3778|7558|57123364
3779|7560|57153600
3780|7562|57183844
3781|7564|57214096
3782|7566|57244356
3783|7568|57274624
3784|7570|57304900
3785|7572|57335184
3786|7574|57365476
3787|7576|57395776
3788|7578|57426084
3789|7580|57456400
3790|7582|57486724
3791|7584|57517056
3792|7586|57547396
3793|7588|57577744
3794|7590|57608100
3795|7592|57638464
3796|7594|57668836
3797|7596|57699216
3798|7598|57729604
3799|7600|57760000
3800|7602|57790404
3801|7604|57820816
3802|7606|57851236
3803|7608|57881664
3804|7610|57912100
3805|7612|57942544
3806|7614|57972996
3807|7616|58003456
3808|7618|58033924
3809|7620|58064400
3810|7622|58094884
3811|7624|58125376
3812|7626|58155876
3813|7628|58186384
3814|7630|58216900
3815|7632|58247424
3816|7634|58277956
3817|7636|58308496
3818|7638|58339044
3819|7640|58369600
3820|7642|58400164
3821|7644|58430736
3822|7646|58461316
3823|7648|58491904
3824|7650|58522500
3825|7652|58553104
3826|7654|58583716
3827|7656|58614336
3828|7658|58644964
3829|7660|58675600
3830|7662|58706244
3831|7664|58736896
3832|7666|58767556
3833|7668|58798224
3834|7670|58828900
3835|7672|58859584
3836|7674|58890276
3837|7676|58920976
3838|7678|58951684
3839|7680|58982400
3840|7682|59013124
3841|7684|59043856
3842|7686|59074596
3843|7688|59105344
3844|7690|59136100
3845|7692|59166864
3846|7694|59197636
3847|7696|59228416
3848|7698|59259204
3849|7700|59290000
3850|7702|59320804
3851|7704|59351616
3852|7706|59382436
3853|7708|59413264
3854|7710|59444100
3855|7712|59474944
3856|7714|59505796
3857|7716|59536656
3858|7718|59567524
3859|7720|59598400
3860|7722|59629284
3861|7724|59660176
3862|7726|59691076
3863|7728|59721984
3864|7730|59752900
3865|7732|59783824
3866|7734|59814756
3867|7736|59845696
3868|7738|59876644
3869|7740|59907600
3870|7742|59938564
3871|7744|59969536
3872|7746|60000516
3873|7748|60031504
3874|7750|60062500
3875|7752|60093504
3876|7754|60124516
3877|7756|60155536
3878|7758|60186564
3879|7760|60217600
3880|7762|60248644
3881|7764|60279696
3882|7766|60310756
3883|7768|60341824
3884|7770|60372900
3885|7772|60403984
3886|7774|60435076
3887|7776|60466176
3888|7778|60497284
3889|7780|60528400
3890|7782|60559524
3891|7784|60590656
3892|7786|60621796
3893|7788|60652944
3894|7790|60684100
3895|7792|60715264
3896|7794|60746436
3897|7796|60777616
3898|7798|60808804
3899|7800|60840000
3900|7802|60871204
3901|7804|60902416
3902|7806|60933636
3903|7808|60964864
3904|7810|60996100
3905|7812|61027344
3906|7814|61058596
3907|7816|61089856
3908|7818|61121124
3909|7820|61152400
3910|7822|61183684
3911|7824|61214976
3912|7826|61246276
3913|7828|61277584
3914|7830|61308900
3915|7832|61340224
3916|7834|61371556
3917|7836|61402896
3918|7838|61434244
3919|7840|61465600
3920|7842|61496964
3921|7844|61528336
3922|7846|61559716
3923|7848|61591104
3924|7850|61622500
3925|7852|61653904
3926|7854|61685316
3927|7856|61716736
3928|7858|61748164
3929|7860|61779600
3930|7862|61811044
3931|7864|61842496
3932|7866|61873956
3933|7868|61905424
3934|7870|61936900
3935|7872|61968384
3936|7874|61999876
3937|7876|62031376
3938|7878|62062884
3939|7880|62094400
3940|7882|62125924
3941|7884|62157456
3942|7886|62188996
3943|7888|62220544
3944|7890|62252100
3945|7892|62283664
3946|7894|62315236
3947|7896|62346816
3948|7898|62378404
3949|7900|62410000
3950|7902|62441604
3951|7904|62473216
3952|7906|62504836
3953|7908|62536464
3954|7910|62568100
3955|7912|62599744
3956|7914|62631396
3957|7916|62663056
3958|7918|62694724
3959|7920|62726400
3960|7922|62758084
3961|7924|62789776
3962|7926|62821476
3963|7928|62853184
3964|7930|62884900
3965|7932|62916624
3966|7934|62948356
3967|7936|62980096
3968|7938|63011844
3969|7940|63043600
3970|7942|63075364
3971|7944|63107136
3972|7946|63138916
3973|7948|63170704
3974|7950|63202500
3975|7952|63234304
3976|7954|63266116
3977|7956|63297936
3978|7958|63329764
3979|7960|63361600
3980|7962|63393444
3981|7964|63425296
3982|7966|63457156
3983|7968|63489024
3984|7970|63520900
3985|7972|63552784
3986|7974|63584676
3987|7976|63616576
3988|7978|63648484
3989|7980|63680400
3990|7982|63712324
3991|7984|63744256
3992|7986|63776196
3993|7988|63808144
3994|7990|63840100
3995|7992|63872064
3996|7994|63904036
3997|7996|63936016
3998|7998|63968004
3999|8000|64000000
4000|8002|64032004
4001|8004|64064016
4002|8006|64096036
4003|8008|64128064
4004|8010|64160100
4005|8012|64192144
4006|8014|64224196
4007|8016|64256256
4008|8018|64288324
4009|8020|64320400
4010|8022|64352484
4011|8024|64384576
4012|8026|64416676
4013|8028|64448784
4014|8030|64480900
4015|8032|64513024
4016|8034|64545156
4017|8036|64577296
4018|8038|64609444
4019|8040|64641600
4020|8042|64673764
4021|8044|64705936
4022|8046|64738116
4023|8048|64770304
4024|8050|64802500
4025|8052|64834704
4026|8054|64866916
4027|8056|64899136
4028|8058|64931364
4029|8060|64963600
4030|8062|64995844
4031|8064|65028096
4032|8066|65060356
4033|8068|65092624
4034|8070|65124900
4035|8072|65157184
4036|8074|65189476
4037|8076|65221776
4038|8078|65254084
4039|8080|65286400
4040|8082|65318724
4041|8084|65351056
4042|8086|65383396
4043|8088|65415744
4044|8090|65448100
4045|8092|65480464
4046|8094|65512836
4047|8096|65545216
4048|8098|65577604
4049|8100|65610000
4050|8102|65642404
4051|8104|65674816
4052|8106|65707236
4053|8108|65739664
4054|8110|65772100
4055|8112|65804544
4056|8114|65836996
4057|8116|65869456
4058|8118|65901924
4059|8120|65934400
4060|8122|65966884
4061|8124|65999376
4062|8126|66031876
4063|8128|66064384
4064|8130|66096900
4065|8132|66129424
4066|8134|66161956
4067|8136|66194496
4068|8138|66227044
4069|8140|66259600
4070|8142|66292164
4071|8144|66324736
4072|8146|66357316
4073|8148|66389904
4074|8150|66422500
4075|8152|66455104
4076|8154|66487716
4077|8156|66520336
4078|8158|66552964
4079|8160|66585600
4080|8162|66618244
4081|8164|66650896
4082|8166|66683556
4083|8168|66716224
4084|8170|66748900
4085|8172|66781584
4086|8174|66814276
4087|8176|66846976
4088|8178|66879684
4089|8180|66912400
4090|8182|66945124
4091|8184|66977856
4092|8186|67010596
4093|8188|67043344
4094|8190|67076100
4095|8192|67108864
4096|8194|67141636
4097|8196|67174416
4098|8198|67207204
4099|8200|67240000
4100|8202|67272804
4101|8204|67305616
4102|8206|67338436
4103|8208|67371264
4104|8210|67404100
4105|8212|67436944
4106|8214|67469796
4107|8216|67502656
4108|8218|67535524
4109|8220|67568400
4110|8222|67601284
4111|8224|67634176
4112|8226|67667076
4113|8228|67699984
4114|8230|67732900
4115|8232|67765824
4116|8234|67798756
4117|8236|67831696
4118|8238|67864644
4119|8240|67897600
4120|8242|67930564
4121|8244|67963536
4122|8246|67996516
4123|8248|68029504
4124|8250|68062500
4125|8252|68095504
4126|8254|68128516
4127|8256|68161536
4128|8258|68194564
4129|8260|68227600
4130|8262|68260644
4131|8264|68293696
4132|8266|68326756
4133|8268|68359824
4134|8270|68392900
4135|8272|68425984
4136|8274|68459076
4137|8276|68492176
4138|8278|68525284
4139|8280|68558400
4140|8282|68591524
4141|8284|68624656
4142|8286|68657796
4143|8288|68690944
4144|8290|68724100
4145|8292|68757264
4146|8294|68790436
4147|8296|68823616
4148|8298|68856804
4149|8300|68890000
4150|8302|68923204
4151|8304|68956416
4152|8306|68989636
4153|8308|69022864
4154|8310|69056100
4155|8312|69089344
4156|8314|69122596
4157|8316|69155856
4158|8318|69189124
4159|8320|69222400
4160|8322|69255684
4161|8324|69288976
4162|8326|69322276
4163|8328|69355584
4164|8330|69388900
4165|8332|69422224
4166|8334|69455556
4167|8336|69488896
4168|8338|69522244
4169|8340|69555600
4170|8342|69588964
4171|8344|69622336
4172|8346|69655716
4173|8348|69689104
4174|8350|69722500
4175|8352|69755904
4176|8354|69789316
4177|8356|69822736
4178|8358|69856164
4179|8360|69889600
4180|8362|69923044
4181|8364|69956496
4182|8366|69989956
4183|8368|70023424
4184|8370|70056900
4185|8372|70090384
4186|8374|70123876
4187|8376|70157376
4188|8378|70190884
4189|8380|70224400
4190|8382|70257924
4191|8384|70291456
4192|8386|70324996
4193|8388|70358544
4194|8390|70392100
4195|8392|70425664
4196|8394|70459236
4197|8396|70492816
4198|8398|70526404
4199|8400|70560000
4200|8402|70593604
4201|8404|70627216
4202|8406|70660836
4203|8408|70694464
4204|8410|70728100
4205|8412|70761744
4206|8414|70795396
4207|8416|70829056
4208|8418|70862724
4209|8420|70896400
4210|8422|70930084
4211|8424|70963776
4212|8426|70997476
4213|8428|71031184
4214|8430|71064900
4215|8432|71098624
4216|8434|71132356
4217|8436|71166096
4218|8438|71199844
4219|8440|71233600
4220|8442|71267364
4221|8444|71301136
4222|8446|71334916
4223|8448|71368704
4224|8450|71402500
4225|8452|71436304
4226|8454|71470116
4227|8456|71503936
4228|8458|71537764
4229|8460|71571600
4230|8462|71605444
4231|8464|71639296
4232|8466|71673156
4233|8468|71707024
4234|8470|71740900
4235|8472|71774784
4236|8474|71808676
4237|8476|71842576
4238|8478|71876484
4239|8480|71910400
4240|8482|71944324
4241|8484|71978256
4242|8486|72012196
4243|8488|72046144
4244|8490|72080100
4245|8492|72114064
4246|8494|72148036
4247|8496|72182016
4248|8498|72216004
4249|8500|72250000
4250|8502|72284004
4251|8504|72318016
4252|8506|72352036
4253|8508|72386064
4254|8510|72420100
4255|8512|72454144
4256|8514|72488196
4257|8516|72522256
4258|8518|72556324
4259|8520|72590400
4260|8522|72624484
4261|8524|72658576
4262|8526|72692676
4263|8528|72726784
4264|8530|72760900
4265|8532|72795024
4266|8534|72829156
4267|8536|72863296
4268|8538|72897444
4269|8540|72931600
4270|8542|72965764
4271|8544|72999936
4272|8546|73034116
4273|8548|73068304
4274|8550|73102500
4275|8552|73136704
4276|8554|73170916
4277|8556|73205136
4278|8558|73239364
4279|8560|73273600
4280|8562|73307844
4281|8564|73342096
4282|8566|73376356
4283|8568|73410624
4284|8570|73444900
4285|8572|73479184
4286|8574|73513476
4287|8576|73547776
4288|8578|73582084
4289|8580|73616400
4290|8582|73650724
4291|8584|73685056
4292|8586|73719396
4293|8588|73753744
4294|8590|73788100
4295|8592|73822464
4296|8594|73856836
4297|8596|73891216
4298|8598|73925604
4299|8600|73960000
4300|8602|73994404
4301|8604|74028816
4302|8606|74063236
4303|8608|74097664
4304|8610|74132100
4305|8612|74166544
4306|8614|74200996
4307|8616|74235456
4308|8618|74269924
4309|8620|74304400
4310|8622|74338884
4311|8624|74373376
4312|8626|74407876
4313|8628|74442384
4314|8630|74476900
4315|8632|74511424
4316|8634|74545956
4317|8636|74580496
4318|8638|74615044
4319|8640|74649600
4320|8642|74684164
4321|8644|74718736
4322|8646|74753316
4323|8648|74787904
4324|8650|74822500
4325|8652|74857104
4326|8654|74891716
4327|8656|74926336
4328|8658|74960964
4329|8660|74995600
4330|8662|75030244
4331|8664|75064896
4332|8666|75099556
4333|8668|75134224
4334|8670|75168900
4335|8672|75203584
4336|8674|75238276
4337|8676|75272976
4338|8678|75307684
4339|8680|75342400
4340|8682|75377124
4341|8684|75411856
4342|8686|75446596
4343|8688|75481344
4344|8690|75516100
4345|8692|75550864
4346|8694|75585636
4347|8696|75620416
4348|8698|75655204
4349|8700|75690000
4350|8702|75724804
4351|8704|75759616
4352|8706|75794436
4353|8708|75829264
4354|8710|75864100
4355|8712|75898944
4356|8714|75933796
4357|8716|75968656
4358|8718|76003524
4359|8720|76038400
4360|8722|76073284
4361|8724|76108176
4362|8726|76143076
4363|8728|76177984
4364|8730|76212900
4365|8732|76247824
4366|8734|76282756
4367|8736|76317696
4368|8738|76352644
4369|8740|76387600
4370|8742|76422564
4371|8744|76457536
4372|8746|76492516
4373|8748|76527504
4374|8750|76562500
4375|8752|76597504
4376|8754|76632516
4377|8756|76667536
4378|8758|76702564
4379|8760|76737600
4380|8762|76772644
4381|8764|76807696
4382|8766|76842756
4383|8768|76877824
4384|8770|76912900
4385|8772|76947984
4386|8774|76983076
4387|8776|77018176
4388|8778|77053284
4389|8780|77088400
4390|8782|77123524
4391|8784|77158656
4392|8786|77193796
4393|8788|77228944
4394|8790|77264100
4395|8792|77299264
4396|8794|77334436
4397|8796|77369616
4398|8798|77404804
4399|8800|77440000
4400|8802|77475204
4401|8804|77510416
4402|8806|77545636
4403|8808|77580864
4404|8810|77616100
4405|8812|77651344
4406|8814|77686596
4407|8816|77721856
4408|8818|77757124
4409|8820|77792400
4410|8822|77827684
4411|8824|77862976
4412|8826|77898276
4413|8828|77933584
4414|8830|77968900
4415|8832|78004224
4416|8834|78039556
4417|8836|78074896
4418|8838|78110244
4419|8840|78145600
4420|8842|78180964
4421|8844|78216336
4422|8846|78251716
4423|8848|78287104
4424|8850|78322500
4425|8852|78357904
4426|8854|78393316
4427|8856|78428736
4428|8858|78464164
4429|8860|78499600
4430|8862|78535044
4431|8864|78570496
4432|8866|78605956
4433|8868|78641424
4434|8870|78676900
4435|8872|78712384
4436|8874|78747876
4437|8876|78783376
4438|8878|78818884
4439|8880|78854400
4440|8882|78889924
4441|8884|78925456
4442|8886|78960996
4443|8888|78996544
4444|8890|79032100
4445|8892|79067664
4446|8894|79103236
4447|8896|79138816
4448|8898|79174404
4449|8900|79210000
4450|8902|79245604
4451|8904|79281216
4452|8906|79316836
4453|8908|79352464
4454|8910|79388100
4455|8912|79423744
4456|8914|79459396
4457|8916|79495056
4458|8918|79530724
4459|8920|79566400
4460|8922|79602084
4461|8924|79637776
4462|8926|79673476
4463|8928|79709184
4464|8930|79744900
4465|8932|79780624
4466|8934|79816356
4467|8936|79852096
4468|8938|79887844
4469|8940|79923600
4470|8942|79959364
4471|8944|79995136
4472|8946|80030916
4473|8948|80066704
4474|8950|80102500
4475|8952|80138304
4476|8954|80174116
4477|8956|80209936
4478|8958|80245764
4479|8960|80281600
4480|8962|80317444
4481|8964|80353296
4482|8966|80389156
4483|8968|80425024
4484|8970|80460900
4485|8972|80496784
4486|8974|80532676
4487|8976|80568576
4488|8978|80604484
4489|8980|80640400
4490|8982|80676324
4491|8984|80712256
4492|8986|80748196
4493|8988|80784144
4494|8990|80820100
4495|8992|80856064
4496|8994|80892036
4497|8996|80928016
4498|8998|80964004
4499|9000|81000000
4500|9002|81036004
4501|9004|81072016
4502|9006|81108036
4503|9008|81144064
4504|9010|81180100
4505|9012|81216144
4506|9014|81252196
4507|9016|81288256
4508|9018|81324324
4509|9020|81360400
4510|9022|81396484
4511|9024|81432576
4512|9026|81468676
4513|9028|81504784
4514|9030|81540900
4515|9032|81577024
4516|9034|81613156
4517|9036|81649296
4518|9038|81685444
4519|9040|81721600
4520|9042|81757764
4521|9044|81793936
4522|9046|81830116
4523|9048|81866304
4524|9050|81902500
4525|9052|81938704
4526|9054|81974916
4527|9056|82011136
4528|9058|82047364
4529|9060|82083600
4530|9062|82119844
4531|9064|82156096
4532|9066|82192356
4533|9068|82228624
4534|9070|82264900
4535|9072|82301184
4536|9074|82337476
4537|9076|82373776
4538|9078|82410084
4539|9080|82446400
4540|9082|82482724
4541|9084|82519056
4542|9086|82555396
4543|9088|82591744
4544|9090|82628100
4545|9092|82664464
4546|9094|82700836
4547|9096|82737216
4548|9098|82773604
4549|9100|82810000
4550|9102|82846404
4551|9104|82882816
4552|9106|82919236
4553|9108|82955664
4554|9110|82992100
4555|9112|83028544
4556|9114|83064996
4557|9116|83101456
4558|9118|83137924
4559|9120|83174400
4560|9122|83210884
4561|9124|83247376
4562|9126|83283876
4563|9128|83320384
4564|9130|83356900
4565|9132|83393424
4566|9134|83429956
4567|9136|83466496
4568|9138|83503044
4569|9140|83539600
4570|9142|83576164
4571|9144|83612736
4572|9146|83649316
4573|9148|83685904
4574|9150|83722500
4575|9152|83759104
4576|9154|83795716
4577|9156|83832336
4578|9158|83868964
4579|9160|83905600
4580|9162|83942244
4581|9164|83978896
4582|9166|84015556
4583|9168|84052224
4584|9170|84088900
4585|9172|84125584
4586|9174|84162276
4587|9176|84198976
4588|9178|84235684
4589|9180|84272400
4590|9182|84309124
4591|9184|84345856
4592|9186|84382596
4593|9188|84419344
4594|9190|84456100
4595|9192|84492864
4596|9194|84529636
4597|9196|84566416
4598|9198|84603204
4599|9200|84640000
4600|9202|84676804
4601|9204|84713616
4602|9206|84750436
4603|9208|84787264
4604|9210|84824100
4605|9212|84860944
4606|9214|84897796
4607|9216|84934656
4608|9218|84971524
4609|9220|85008400
4610|9222|85045284
4611|9224|85082176
4612|9226|85119076
4613|9228|85155984
4614|9230|85192900
4615|9232|85229824
4616|9234|85266756
4617|9236|85303696
4618|9238|85340644
4619|9240|85377600
4620|9242|85414564
4621|9244|85451536
4622|9246|85488516
4623|9248|85525504
4624|9250|85562500
4625|9252|85599504
4626|9254|85636516
4627|9256|85673536
4628|9258|85710564
4629|9260|85747600
4630|9262|85784644
4631|9264|85821696
4632|9266|85858756
4633|9268|85895824
4634|9270|85932900
4635|9272|85969984
4636|9274|86007076
4637|9276|86044176
4638|9278|86081284
4639|9280|86118400
4640|9282|86155524
4641|9284|86192656
4642|9286|86229796
4643|9288|86266944
4644|9290|86304100
4645|9292|86341264
4646|9294|86378436
4647|9296|86415616
4648|9298|86452804
4649|9300|86490000
4650|9302|86527204
4651|9304|86564416
4652|9306|86601636
4653|9308|86638864
4654|9310|86676100
4655|9312|86713344
4656|9314|86750596
4657|9316|86787856
4658|9318|86825124
4659|9320|86862400
4660|9322|86899684
4661|9324|86936976
4662|9326|86974276
4663|9328|87011584
4664|9330|87048900
4665|9332|87086224
4666|9334|87123556
4667|9336|87160896
4668|9338|87198244
4669|9340|87235600
4670|9342|87272964
4671|9344|87310336
4672|9346|87347716
4673|9348|87385104
4674|9350|87422500
4675|9352|87459904
4676|9354|87497316
4677|9356|87534736
4678|9358|87572164
4679|9360|87609600
4680|9362|87647044
4681|9364|87684496
4682|9366|87721956
4683|9368|87759424
4684|9370|87796900
4685|9372|87834384
4686|9374|87871876
4687|9376|87909376
4688|9378|87946884
4689|9380|87984400
4690|9382|88021924
4691|9384|88059456
4692|9386|88096996
4693|9388|88134544
4694|9390|88172100
4695|9392|88209664
4696|9394|88247236
4697|9396|88284816
4698|9398|88322404
4699|9400|88360000
4700|9402|88397604
4701|9404|88435216
4702|9406|88472836
4703|9408|88510464
4704|9410|88548100
4705|9412|88585744
4706|9414|88623396
4707|9416|88661056
4708|9418|88698724
4709|9420|88736400
4710|9422|88774084
4711|9424|88811776
4712|9426|88849476
4713|9428|88887184
4714|9430|88924900
4715|9432|88962624
4716|9434|89000356
4717|9436|89038096
4718|9438|89075844
4719|9440|89113600
4720|9442|89151364
4721|9444|89189136
4722|9446|89226916
4723|9448|89264704
4724|9450|89302500
4725|9452|89340304
4726|9454|89378116
4727|9456|89415936
4728|9458|89453764
4729|9460|89491600
4730|9462|89529444
4731|9464|89567296
4732|9466|89605156
4733|9468|89643024
4734|9470|89680900
4735|9472|89718784
4736|9474|89756676
4737|9476|89794576
4738|9478|89832484
4739|9480|89870400
4740|9482|89908324
4741|9484|89946256
4742|9486|89984196
4743|9488|90022144
4744|9490|90060100
4745|9492|90098064
4746|9494|90136036
4747|9496|90174016
4748|9498|90212004
4749|9500|90250000
4750|9502|90288004
4751|9504|90326016
4752|9506|90364036
4753|9508|90402064
4754|9510|90440100
4755|9512|90478144
4756|9514|90516196
4757|9516|90554256
4758|9518|90592324
4759|9520|90630400
4760|9522|90668484
4761|9524|90706576
4762|9526|90744676
4763|9528|90782784
4764|9530|90820900
4765|9532|90859024
4766|9534|90897156
4767|9536|90935296
4768|9538|90973444
4769|9540|91011600
4770|9542|91049764
4771|9544|91087936
4772|9546|91126116
4773|9548|91164304
4774|9550|91202500
4775|9552|91240704
4776|9554|91278916
4777|9556|91317136
4778|9558|91355364
4779|9560|91393600
4780|9562|91431844
4781|9564|91470096
4782|9566|91508356
4783|9568|91546624
4784|9570|91584900
4785|9572|91623184
4786|9574|91661476
4787|9576|91699776
4788|9578|91738084
4789|9580|91776400
4790|9582|91814724
4791|9584|91853056
4792|9586|91891396
4793|9588|91929744
4794|9590|91968100
4795|9592|92006464
4796|9594|92044836
4797|9596|92083216
4798|9598|92121604
4799|9600|92160000
4800|9602|92198404
4801|9604|92236816
4802|9606|92275236
4803|9608|92313664
4804|9610|92352100
4805|9612|92390544
4806|9614|92428996
4807|9616|92467456
4808|9618|92505924
4809|9620|92544400
4810|9622|92582884
4811|9624|92621376
4812|9626|92659876
4813|9628|92698384
4814|9630|92736900
4815|9632|92775424
4816|9634|92813956
4817|9636|92852496
4818|9638|92891044
4819|9640|92929600
4820|9642|92968164
4821|9644|93006736
4822|9646|93045316
4823|9648|93083904
4824|9650|93122500
4825|9652|93161104
4826|9654|93199716
4827|9656|93238336
4828|9658|93276964
4829|9660|93315600
4830|9662|93354244
4831|9664|93392896
4832|9666|93431556
4833|9668|93470224
4834|9670|93508900
4835|9672|93547584
4836|9674|93586276
4837|9676|93624976
4838|9678|93663684
4839|9680|93702400
4840|9682|93741124
4841|9684|93779856
4842|9686|93818596
4843|9688|93857344
4844|9690|93896100
4845|9692|93934864
4846|9694|93973636
4847|9696|94012416
4848|9698|94051204
4849|9700|94090000
4850|9702|94128804
4851|9704|94167616
4852|9706|94206436
4853|9708|94245264
4854|9710|94284100
4855|9712|94322944
4856|9714|94361796
4857|9716|94400656
4858|9718|94439524
4859|9720|94478400
4860|9722|94517284
4861|9724|94556176
4862|9726|94595076
4863|9728|94633984
4864|9730|94672900
4865|9732|94711824
4866|9734|94750756
4867|9736|94789696
4868|9738|94828644
4869|9740|94867600
4870|9742|94906564
4871|9744|94945536
4872|9746|94984516
4873|9748|95023504
4874|9750|95062500
4875|9752|95101504
4876|9754|95140516
4877|9756|95179536
4878|9758|95218564
4879|9760|95257600
4880|9762|95296644
4881|9764|95335696
4882|9766|95374756
4883|9768|95413824
4884|9770|95452900
4885|9772|95491984
4886|9774|95531076
4887|9776|95570176
4888|9778|95609284
4889|9780|95648400
4890|9782|95687524
4891|9784|95726656
4892|9786|95765796
4893|9788|95804944
4894|9790|95844100
4895|9792|95883264
4896|9794|95922436
4897|9796|95961616
4898|9798|96000804
4899|9800|96040000
4900|9802|96079204
4901|9804|96118416
4902|9806|96157636
4903|9808|96196864
4904|9810|96236100
4905|9812|96275344
4906|9814|96314596
4907|9816|96353856
4908|9818|96393124
4909|9820|96432400
4910|9822|96471684
4911|9824|96510976
4912|9826|96550276
4913|9828|96589584
4914|9830|96628900
4915|9832|96668224
4916|9834|96707556
4917|9836|96746896
4918|9838|96786244
4919|9840|96825600
4920|9842|96864964
4921|9844|96904336
4922|9846|96943716
4923|9848|96983104
4924|9850|97022500
4925|9852|97061904
4926|9854|97101316
4927|9856|97140736
4928|9858|97180164
4929|9860|97219600
4930|9862|97259044
4931|9864|97298496
4932|9866|97337956
4933|9868|97377424
4934|9870|97416900
4935|9872|97456384
4936|9874|97495876
4937|9876|97535376
4938|9878|97574884
4939|9880|97614400
4940|9882|97653924
4941|9884|97693456
4942|9886|97732996
4943|9888|97772544
4944|9890|97812100
4945|9892|97851664
4946|9894|97891236
4947|9896|97930816
4948|9898|97970404
4949|9900|98010000
4950|9902|98049604
4951|9904|98089216
4952|9906|98128836
4953|9908|98168464
4954|9910|98208100
4955|9912|98247744
4956|9914|98287396
4957|9916|98327056
4958|9918|98366724
4959|9920|98406400
4960|9922|98446084
4961|9924|98485776
4962|9926|98525476
4963|9928|98565184
4964|9930|98604900
4965|9932|98644624
4966|9934|98684356
4967|9936|98724096
4968|9938|98763844
4969|9940|98803600
4970|9942|98843364
4971|9944|98883136
4972|9946|98922916
4973|9948|98962704
4974|9950|99002500
4975|9952|99042304
4976|9954|99082116
4977|9956|99121936
4978|9958|99161764
4979|9960|99201600
4980|9962|99241444
4981|9964|99281296
4982|9966|99321156
4983|9968|99361024
4984|9970|99400900
4985|9972|99440784
4986|9974|99480676
4987|9976|99520576
4988|9978|99560484
4989|9980|99600400
4990|9982|99640324
4991|9984|99680256
4992|9986|99720196
4993|9988|99760144
4994|9990|99800100
4995|9992|99840064
4996|9994|99880036
4997|9996|99920016
4998|9998|99960004
4999|10000|100000000
